catalogs/crowdsource_based_nircam-long_reference_astrometric_catalog.ecsv
# %ECSV 1.0
# ---
# datatype:
# - {name: skycoord_f410m.ra, unit: deg, datatype: float64}
# - {name: skycoord_f410m.dec, unit: deg, datatype: float64}
# - {name: skycoord_f405n.ra, unit: deg, datatype: float64}
# - {name: skycoord_f405n.dec, unit: deg, datatype: float64}
# - {name: RA, unit: deg, datatype: float64}
# - {name: DEC, unit: deg, datatype: float64}
# meta: !!omap
# - {410FILE: /blue/adamginsburg/adamginsburg/jwst/brick//F410M/f410m_nrca_unsatstar_bgsub_crowdsource_nsky0.fits}
# - {410FILT: f410m}
# - {212FILE: /blue/adamginsburg/adamginsburg/jwst/brick//F212N/f212n_nrca_unsatstar_bgsub_crowdsource_nsky0.fits}
# - {212FILT: f212n}
# - {466FILE: /blue/adamginsburg/adamginsburg/jwst/brick//F466N/f466n_nrca_unsatstar_bgsub_crowdsource_nsky0.fits}
# - {466FILT: f466n}
# - {405FILE: /blue/adamginsburg/adamginsburg/jwst/brick//F405N/f405n_nrca_unsatstar_bgsub_crowdsource_nsky0.fits}
# - {405FILT: f405n}
# - {187FILE: /blue/adamginsburg/adamginsburg/jwst/brick//F187N/f187n_nrca_unsatstar_bgsub_crowdsource_nsky0.fits}
# - {187FILT: f187n}
# - {182FILE: /blue/adamginsburg/adamginsburg/jwst/brick//F182M/f182m_nrca_unsatstar_bgsub_crowdsource_nsky0.fits}
# - {182FILT: f182m}
# - {VERSION: '2023-02-12T11:17:37.298997'}
# - {PARENT_VERSION: '2023-02-11T18:44:34.264380'}
# - __serialized_columns__:
#     skycoord_f405n:
#       __class__: astropy.coordinates.sky_coordinate.SkyCoord
#       dec: !astropy.table.SerializedColumn
#         __class__: astropy.coordinates.angles.Latitude
#         unit: &id001 !astropy.units.Unit {unit: deg}
#         value: !astropy.table.SerializedColumn {name: skycoord_f405n.dec}
#       frame: icrs
#       ra: !astropy.table.SerializedColumn
#         __class__: astropy.coordinates.angles.Longitude
#         unit: *id001
#         value: !astropy.table.SerializedColumn {name: skycoord_f405n.ra}
#         wrap_angle: !astropy.coordinates.Angle
#           unit: *id001
#           value: 360.0
#       representation_type: spherical
#     skycoord_f410m:
#       __class__: astropy.coordinates.sky_coordinate.SkyCoord
#       dec: !astropy.table.SerializedColumn
#         __class__: astropy.coordinates.angles.Latitude
#         unit: *id001
#         value: !astropy.table.SerializedColumn {name: skycoord_f410m.dec}
#       frame: icrs
#       ra: !astropy.table.SerializedColumn
#         __class__: astropy.coordinates.angles.Longitude
#         unit: *id001
#         value: !astropy.table.SerializedColumn {name: skycoord_f410m.ra}
#         wrap_angle: !astropy.coordinates.Angle
#           unit: *id001
#           value: 360.0
#       representation_type: spherical
# schema: astropy-2.0
skycoord_f410m.ra skycoord_f410m.dec skycoord_f405n.ra skycoord_f405n.dec RA DEC
[from data line 3652]
266.5369321951049 -28.72099087198144 266.5369321765398 -28.720999009144368 266.5369321951049 -28.72099087198144
266.53769826163847 -28.76150035889745 266.5376979007049 -28.761482658523768 266.53769826163847 -28.76150035889745
266.5375506708513 -28.753048585480553 266.53755011208665 -28.753040067161443 266.5375506708513 -28.753048585480553
266.5371327136254 -28.731497834992087 266.5371324134603 -28.731499106250215 266.5371327136254 -28.731497834992087
266.5374302349758 -28.74609407001612 266.53743348858154 -28.746098457959214 266.5374302349758 -28.74609407001612
266.5377465996396 -28.761649982459716 266.5377459651984 -28.761632243599998 266.5377465996396 -28.761649982459716
266.5375169874727 -28.749561129893443 266.5375164071986 -28.749554218228823 266.5375169874727 -28.749561129893443
266.53761069709884 -28.751752974021844 266.5376097856757 -28.75174530085871 266.53761069709884 -28.751752974021844
266.5372063095544 -28.73124180539724 266.5372049061615 -28.73124180912186 266.5372063095544 -28.73124180539724
266.53772512347 -28.757241430405568 266.53772389086396 -28.757226744900752 266.53772512347 -28.757241430405568
266.5376563820529 -28.753545113132905 266.5376554419953 -28.753536420826357 266.5376563820529 -28.753545113132905
266.5373506804579 -28.737621928674827 266.53735015105957 -28.737620958503886 266.5373506804579 -28.737621928674827
266.53708430809183 -28.722961359113427 266.53708430423 -28.722968234417635 266.53708430809183 -28.722961359113427
266.53699122781677 -28.717343487086417 266.53699046262835 -28.71735199895168 266.53699122781677 -28.717343487086417
266.53766321166216 -28.750353626095876 266.5376625723719 -28.75034593541794 266.53766321166216 -28.750353626095876
266.53779486645374 -28.755549309388222 266.53779566752877 -28.755553200555283 266.53779486645374 -28.755549309388222
266.53768957571646 -28.75120658081437 266.53768758656014 -28.75119808670964 266.53768957571646 -28.75120658081437
266.5372749593599 -28.7294955643784 266.5372793986535 -28.72949627934749 266.5372749593599 -28.7294955643784
266.5378245709051 -28.757260049820836 266.537821593364 -28.757244597237317 266.5378245709051 -28.757260049820836
266.5377606063786 -28.75396448837141 266.53775884618324 -28.753955822137122 266.5377606063786 -28.75396448837141
266.53775003646416 -28.75282260443357 266.53774952602566 -28.752814391727597 266.53775003646416 -28.75282260443357
266.537705513875 -28.750750349037155 266.5377008983588 -28.75075252608674 266.537705513875 -28.750750349037155
266.53746064566366 -28.7372955262315 266.53746074776524 -28.737293607013967 266.53746064566366 -28.7372955262315
266.5374364861843 -28.73663524764139 266.5374363937898 -28.736633998815275 266.5374364861843 -28.73663524764139
266.53769918574227 -28.74956276777412 266.5376983089308 -28.749555901388337 266.53769918574227 -28.74956276777412
266.53782203791764 -28.753828449834884 266.5378210864893 -28.75381952410017 266.53782203791764 -28.753828449834884
266.5378027296719 -28.752624454610217 266.5378022051215 -28.752616153052376 266.5378027296719 -28.752624454610217
266.53759806818243 -28.74233486919582 266.53759456938275 -28.74232736947734 266.53759806818243 -28.74233486919582
266.53754844149324 -28.739544116912015 266.5375477999316 -28.739541125829636 266.53754844149324 -28.739544116912015
266.53765405655713 -28.743784524444198 266.53765581760354 -28.743782588706612 266.53765405655713 -28.743784524444198
266.53788350626814 -28.754030438467584 266.53788248139335 -28.75402179767465 266.53788350626814 -28.754030438467584
266.53769261610984 -28.74394547910907 266.53769218396417 -28.743941433515843 266.53769261610984 -28.74394547910907
266.5373968102182 -28.728413309092787 266.53739590841445 -28.728415155807838 266.5373968102182 -28.728413309092787
266.5377513442839 -28.745439591187626 266.5377501913219 -28.745438413678244 266.5377513442839 -28.745439591187626
266.5373154147212 -28.722651869937646 266.53731558257334 -28.72265921595717 266.5373154147212 -28.722651869937646
266.53801864214074 -28.75870532865922 266.53801720795553 -28.758690313798667 266.53801864214074 -28.75870532865922
266.53794879867297 -28.755007910435566 266.53794813708583 -28.75499617712046 266.53794879867297 -28.755007910435566
266.53780268705447 -28.747080300176393 266.5378013129503 -28.747075548755372 266.53780268705447 -28.747080300176393
266.5376406939212 -28.7391366164314 266.53763996375204 -28.73913466019952 266.5376406939212 -28.7391366164314
266.53762940943807 -28.738713407824964 266.5376287386906 -28.738710731132834 266.53762940943807 -28.738713407824964
266.5378333604746 -28.748000876760397 266.537833814157 -28.747997583702748 266.5378333604746 -28.748000876760397
266.53738212348014 -28.72422230113912 266.53738238675413 -28.724228750504384 266.53738212348014 -28.72422230113912
266.5372278077159 -28.716243969214645 266.53722803924666 -28.716253113707626 266.5372278077159 -28.716243969214645
266.53726868509636 -28.71718178185941 266.537269135658 -28.71719036075588 266.53726868509636 -28.71718178185941
266.5380267051829 -28.75605364403036 266.53802447640544 -28.756038759518866 266.5380267051829 -28.75605364403036
266.5379126137668 -28.749882994125898 266.5379119594652 -28.749875591913618 266.5379126137668 -28.749882994125898
266.5376229721874 -28.734788676005635 266.5376222962395 -28.73478786137638 266.5376229721874 -28.734788676005635
266.53751787749803 -28.729497525561722 266.53751684716906 -28.729498181013234 266.53751787749803 -28.729497525561722
266.53817158881617 -28.761207683849197 266.53816973870454 -28.761190552615503 266.53817158881617 -28.761207683849197
266.5380774168329 -28.75610942366806 266.5380746723775 -28.756094377616996 266.5380774168329 -28.75610942366806
266.53808436452687 -28.755938227022114 266.5380826113269 -28.755924020465496 266.53808436452687 -28.755938227022114
266.53802054632723 -28.75175885425146 266.5380191881509 -28.751751366819747 266.53802054632723 -28.75175885425146
266.5373616473869 -28.71641872628123 266.53736003772593 -28.716419062620584 266.5373616473869 -28.71641872628123
266.5382165103568 -28.76046424480621 266.53821444288036 -28.760447994028162 266.5382165103568 -28.76046424480621
266.53810548135743 -28.755114657330793 266.5381046277293 -28.75510350676597 266.53810548135743 -28.755114657330793
266.53780458496976 -28.73939133650577 266.5378037534425 -28.73939324817168 266.53780458496976 -28.73939133650577
266.53775155139147 -28.736764879900445 266.537751180025 -28.736763565490328 266.53775155139147 -28.736764879900445
266.5376833498464 -28.73315235051468 266.5376816877337 -28.733153258925363 266.5376833498464 -28.73315235051468
266.537648669895 -28.731156819532575 266.53764788750635 -28.73115780591816 266.537648669895 -28.731156819532575
266.5381167853194 -28.754580920338306 266.53811498957884 -28.754571754089028 266.5381167853194 -28.754580920338306
266.53802617240706 -28.749943741185312 266.5380256175524 -28.749936344087832 266.53802617240706 -28.749943741185312
266.53797465797214 -28.747066096418276 266.53797406084726 -28.74706158717657 266.53797465797214 -28.747066096418276
266.5379001938889 -28.743138903696234 266.53789854246963 -28.743135160257626 266.5379001938889 -28.743138903696234
266.53769824928116 -28.732588802538665 266.53769766209956 -28.73258883596194 266.53769824928116 -28.732588802538665
266.5379438137281 -28.74495113279143 266.53794271913284 -28.744946675814724 266.5379438137281 -28.74495113279143
266.53797879262714 -28.74508132370305 266.5379770471776 -28.745077124137104 266.53797879262714 -28.74508132370305
266.53829204467246 -28.76094287807437 266.5382908236532 -28.76092625976492 266.53829204467246 -28.76094287807437
266.5378858166013 -28.739273003836438 266.5378851250503 -28.73927117624024 266.5378858166013 -28.739273003836438
266.5378769665576 -28.73846544350729 266.5378765465308 -28.738463167023124 266.5378769665576 -28.73846544350729
266.53782298591176 -28.736285132859585 266.5378230048281 -28.736280479337733 266.53782298591176 -28.736285132859585
266.5376102128518 -28.724351407388617 266.5376099707043 -28.724357862768354 266.5376102128518 -28.724351407388617
266.53753323588205 -28.720138585160456 266.537532884566 -28.72014610210196 266.53753323588205 -28.720138585160456
266.53800880889037 -28.74375584867714 266.53800319150736 -28.743768532368843 266.53800880889037 -28.74375584867714
266.5379948583966 -28.743001891184935 266.5379941028798 -28.742999317557857 266.5379948583966 -28.743001891184935
266.53787836632034 -28.736710723913767 266.5378781665671 -28.73670963843686 266.53787836632034 -28.736710723913767
266.5378766561751 -28.736445579536923 266.53787614480285 -28.73644880765729 266.5378766561751 -28.736445579536923
266.5377385389912 -28.729232367412326 266.5377378827605 -28.729233656615396 266.5377385389912 -28.729232367412326
266.53769277505904 -28.726684807839924 266.53769192277485 -28.72668723681766 266.53769277505904 -28.726684807839924
266.5383314007833 -28.75956597649596 266.5383300794464 -28.75955067316064 266.5383314007833 -28.75956597649596
266.5382711067137 -28.756564637077584 266.53826881594074 -28.756549810137837 266.5382711067137 -28.756564637077584
266.5379291772267 -28.738956690596734 266.5379286354126 -28.738954425343465 266.5379291772267 -28.738956690596734
266.53824778239715 -28.75410590657103 266.5382464162746 -28.754096626084117 266.53824778239715 -28.75410590657103
266.5381339662295 -28.747999714875718 266.5381350295907 -28.748003454594787 266.5381339662295 -28.747999714875718
266.53756276345916 -28.718415934120888 266.537561043278 -28.718425674753703 266.53756276345916 -28.718415934120888
266.53750458007784 -28.71464903743015 266.5375047139334 -28.714658740758075 266.53750458007784 -28.71464903743015
266.5379800505654 -28.73763048247426 266.53797979403805 -28.73762931571897 266.5379800505654 -28.73763048247426
266.53752436253393 -28.713768717640864 266.5375250771071 -28.71377835050562 266.53752436253393 -28.713768717640864
266.538426718973 -28.760417349742987 266.5384250098832 -28.760402240707712 266.538426718973 -28.760417349742987
266.5384473301596 -28.761002273833874 266.53844554703267 -28.760985127049146 266.5384473301596 -28.761002273833874
266.53823524416674 -28.74912608333933 266.5382348361905 -28.74911885066008 266.53823524416674 -28.74912608333933
266.53821837503864 -28.74885628710876 266.5382172424898 -28.748849509035583 266.53821837503864 -28.74885628710876
266.53776401247944 -28.724475442499642 266.537764257474 -28.724481783940348 266.53776401247944 -28.724475442499642
266.5376622985847 -28.718747545894896 266.5376624602012 -28.71875538858394 266.5376622985847 -28.718747545894896
266.53841850729395 -28.75794434118704 266.5384167584195 -28.757929841148286 266.53841850729395 -28.75794434118704
266.53820776322067 -28.7462106982089 266.5382110838106 -28.746209124822965 266.53820776322067 -28.7462106982089
266.5381845494716 -28.744331295921143 266.53818230567197 -28.74432615503816 266.5381845494716 -28.744331295921143
266.53768545032506 -28.718247143764874 266.53768336204706 -28.718254686853943 266.53768545032506 -28.718247143764874
266.5381888230412 -28.743909103757304 266.53818735263786 -28.743904781501115 266.5381888230412 -28.743909103757304
266.5378539916901 -28.725905112479875 266.53785448996666 -28.725910363169923 266.5378539916901 -28.725905112479875
266.53853441987894 -28.761333592956674 266.5385334330036 -28.761315799166876 266.53853441987894 -28.761333592956674
266.53851509495047 -28.758810960972404 266.5385126666598 -28.758796302149047 266.53851509495047 -28.758810960972404
266.53838243057834 -28.751951899926976 266.5383783034712 -28.751948925444992 266.53838243057834 -28.751951899926976
266.53835162955585 -28.74985531252492 266.53835087698366 -28.74984774882742 266.53835162955585 -28.74985531252492
266.5382267767171 -28.743455201643513 266.53822625392723 -28.74345126024395 266.5382267767171 -28.743455201643513
266.5384668378787 -28.755483114566484 266.53846514166315 -28.755469542981814 266.5384668378787 -28.755483114566484
266.5382523114819 -28.744033083448677 266.5382520136628 -28.744029723744482 266.5382523114819 -28.744033083448677
266.53858658171845 -28.76104107006062 266.5385856083827 -28.76102453575454 266.53858658171845 -28.76104107006062
266.53776422438403 -28.717033208818492 266.53776422448203 -28.717042022353375 266.53776422438403 -28.717033208818492
266.5385453646957 -28.756750872165906 266.53854366909985 -28.756749862549547 266.5385453646957 -28.756750872165906
266.5383361812125 -28.74620069178798 266.5383354034407 -28.746197865144314 266.5383361812125 -28.74620069178798
266.5382744403337 -28.742746660675788 266.5382739877018 -28.742743298473176 266.5382744403337 -28.742746660675788
266.53831507094407 -28.744536080763346 266.53831870077516 -28.744531153581832 266.53831507094407 -28.744536080763346
266.5377403147035 -28.71337027497298 266.5377416425046 -28.713379067403444 266.5377403147035 -28.71337027497298
266.53860684968924 -28.75870949127248 266.53860438176 -28.75869420054759 266.53860684968924 -28.75870949127248
266.5385399155352 -28.75533822039305 266.5385385571358 -28.75532492622774 266.5385399155352 -28.75533822039305
266.53843461934287 -28.748489898124888 266.5384329538963 -28.748482445284438 266.53843461934287 -28.748489898124888
266.53839310243177 -28.746363179564433 266.538392063716 -28.74635844222303 266.53839310243177 -28.746363179564433
266.53784927544785 -28.716964199295777 266.5378492506327 -28.716972913598767 266.53784927544785 -28.716964199295777
266.5381531443584 -28.732060337791488 266.53815081272705 -28.732064348982245 266.5381531443584 -28.732060337791488
266.5382822076885 -28.737647206639178 266.53828151049 -28.737650026678256 266.5382822076885 -28.737647206639178
266.53824748627756 -28.7366953167288 266.538246771724 -28.736693909120362 266.53824748627756 -28.7366953167288
266.5386670967901 -28.757040988023498 266.5386655260281 -28.75702663967932 266.5386670967901 -28.757040988023498
266.53835435116576 -28.74085925800677 266.5383534610733 -28.740857308135443 266.53835435116576 -28.74085925800677
266.53812944083296 -28.729172850082385 266.5381282411442 -28.72917465405084 266.53812944083296 -28.729172850082385
266.53874641359647 -28.760840282200135 266.5387447552412 -28.760824098041223 266.53874641359647 -28.760840282200135
266.53845335344533 -28.744700031572407 266.5384512523312 -28.744694730331 266.53845335344533 -28.744700031572407
266.53825187508846 -28.73462842735395 266.5382507335038 -28.734628050465968 266.53825187508846 -28.73462842735395
266.53821986526094 -28.732248966862894 266.5382189749431 -28.73224898865371 266.53821986526094 -28.732248966862894
266.5378825417973 -28.714675817778215 266.53788267130426 -28.7146854169798 266.5378825417973 -28.714675817778215
266.5384686068556 -28.744858408967545 266.53846794377273 -28.744854437225424 266.5384686068556 -28.744858408967545
266.53789395370933 -28.71480811984056 266.5378941935334 -28.714818443256053 266.53789395370933 -28.71480811984056
266.5387766116789 -28.759624645661315 266.53877490567186 -28.759608777303335 266.5387766116789 -28.759624645661315
266.53854807553904 -28.748344305890885 266.5385466204611 -28.748337974157224 266.53854807553904 -28.748344305890885
266.53845118321647 -28.74282294456845 266.5384498393438 -28.742818555962582 266.53845118321647 -28.74282294456845
266.5381449149114 -28.72718357032553 266.5381438822384 -28.7271860589278 266.5381449149114 -28.72718357032553
266.53863285077557 -28.750972572746733 266.53863064483266 -28.750961389346827 266.53863285077557 -28.750972572746733
266.5381438555402 -28.725521824964716 266.53814402255273 -28.72552832942956 266.5381438555402 -28.725521824964716
266.5388113818453 -28.759255135303896 266.53880960797744 -28.759239267970845 266.5388113818453 -28.759255135303896
266.5388411086583 -28.759366509270347 266.5388348654941 -28.759366272756758 266.5388411086583 -28.759366509270347
266.5386489284323 -28.75054262321325 266.5386489561838 -28.750533160401098 266.5386489284323 -28.75054262321325
