catalogs/crowdsource_based_nircam-long_reference_astrometric_catalog.ecsv
# %ECSV 1.0
# ---
# datatype:
# - {name: skycoord_f410m.ra, unit: deg, datatype: float64}
# - {name: skycoord_f410m.dec, unit: deg, datatype: float64}
# - {name: skycoord_f405n.ra, unit: deg, datatype: float64}
# - {name: skycoord_f405n.dec, unit: deg, datatype: float64}
# - {name: RA, unit: deg, datatype: float64}
# - {name: DEC, unit: deg, datatype: float64}
# meta: !!omap
# - {410FILE: /blue/adamginsburg/adamginsburg/jwst/brick//F410M/f410m_nrca_unsatstar_bgsub_crowdsource_nsky0.fits}
# - {410FILT: f410m}
# - {212FILE: /blue/adamginsburg/adamginsburg/jwst/brick//F212N/f212n_nrca_unsatstar_bgsub_crowdsource_nsky0.fits}
# - {212FILT: f212n}
# - {466FILE: /blue/adamginsburg/adamginsburg/jwst/brick//F466N/f466n_nrca_unsatstar_bgsub_crowdsource_nsky0.fits}
# - {466FILT: f466n}
# - {405FILE: /blue/adamginsburg/adamginsburg/jwst/brick//F405N/f405n_nrca_unsatstar_bgsub_crowdsource_nsky0.fits}
# - {405FILT: f405n}
# - {187FILE: /blue/adamginsburg/adamginsburg/jwst/brick//F187N/f187n_nrca_unsatstar_bgsub_crowdsource_nsky0.fits}
# - {187FILT: f187n}
# - {182FILE: /blue/adamginsburg/adamginsburg/jwst/brick//F182M/f182m_nrca_unsatstar_bgsub_crowdsource_nsky0.fits}
# - {182FILT: f182m}
# - {VERSION: '2023-02-12T11:17:37.298997'}
# - {PARENT_VERSION: '2023-02-11T18:44:34.264380'}
# - __serialized_columns__:
#     skycoord_f405n:
#       __class__: astropy.coordinates.sky_coordinate.SkyCoord
#       dec: !astropy.table.SerializedColumn
#         __class__: astropy.coordinates.angles.Latitude
#         unit: &id001 !astropy.units.Unit {unit: deg}
#         value: !astropy.table.SerializedColumn {name: skycoord_f405n.dec}
#       frame: icrs
#       ra: !astropy.table.SerializedColumn
#         __class__: astropy.coordinates.angles.Longitude
#         unit: *id001
#         value: !astropy.table.SerializedColumn {name: skycoord_f405n.ra}
#         wrap_angle: !astropy.coordinates.Angle
#           unit: *id001
#           value: 360.0
#       representation_type: spherical
#     skycoord_f410m:
#       __class__: astropy.coordinates.sky_coordinate.SkyCoord
#       dec: !astropy.table.SerializedColumn
#         __class__: astropy.coordinates.angles.Latitude
#         unit: *id001
#         value: !astropy.table.SerializedColumn {name: skycoord_f410m.dec}
#       frame: icrs
#       ra: !astropy.table.SerializedColumn
#         __class__: astropy.coordinates.angles.Longitude
#         unit: *id001
#         value: !astropy.table.SerializedColumn {name: skycoord_f410m.ra}
#         wrap_angle: !astropy.coordinates.Angle
#           unit: *id001
#           value: 360.0
#       representation_type: spherical
# schema: astropy-2.0
skycoord_f410m.ra skycoord_f410m.dec skycoord_f405n.ra skycoord_f405n.dec RA DEC
[from data line 1546]
266.5226211993527 -28.74628234172938 266.5226276639257 -28.74627687417506 266.5226211993527 -28.74628234172938
266.52288868769404 -28.759555812631067 266.5228931227912 -28.759540202704063 266.52288868769404 -28.759555812631067
266.52272507243066 -28.749942831130188 266.5227306356107 -28.749936046677636 266.52272507243066 -28.749942831130188
266.5226892189645 -28.748913906106235 266.5226951230922 -28.74891495878987 266.5226892189645 -28.748913906106235
266.5226060358385 -28.74408719143605 266.5226115241813 -28.74408311667342 266.5226060358385 -28.74408719143605
266.5223427598297 -28.729572861230032 266.522347061732 -28.729574045605386 266.5223427598297 -28.729572861230032
266.52207287674287 -28.71614263790086 266.522079188601 -28.71615159377212 266.52207287674287 -28.71614263790086
266.52286766106084 -28.75692028824013 266.52287351874367 -28.75692180583584 266.52286766106084 -28.75692028824013
266.52273060557434 -28.749835540459504 266.52273593591457 -28.74982851856896 266.52273060557434 -28.749835540459504
266.522371222577 -28.73042870887638 266.5223770338665 -28.73043077814273 266.522371222577 -28.73042870887638
266.5226076137012 -28.741956627533092 266.52261173273416 -28.74195359264175 266.5226076137012 -28.741956627533092
266.52286547442185 -28.753629059238026 266.52287041465587 -28.75362018220817 266.52286547442185 -28.753629059238026
266.5224676018979 -28.73254793356049 266.52247330670275 -28.732547659046123 266.5224676018979 -28.73254793356049
266.5225072871893 -28.73388429605952 266.5225131889578 -28.733884987285517 266.5225072871893 -28.73388429605952
266.52239932598485 -28.727386948399655 266.522404856354 -28.727389552780195 266.52239932598485 -28.727386948399655
266.52215858110515 -28.7151703071443 266.5221649194932 -28.715180000981388 266.52215858110515 -28.7151703071443
266.5229904610834 -28.757747813378334 266.52299488455134 -28.757732899616737 266.5229904610834 -28.757747813378334
266.52266777159053 -28.74042563508109 266.52267120890514 -28.74042276195802 266.52266777159053 -28.74042563508109
266.52308032929875 -28.762107807475225 266.5230867458379 -28.7620896855095 266.52308032929875 -28.762107807475225
266.523036247981 -28.75940789716472 266.5230407844927 -28.759392302112477 266.523036247981 -28.75940789716472
266.52289807676317 -28.75239199953124 266.5229032245942 -28.75238315745632 266.52289807676317 -28.75239199953124
266.52268185022405 -28.740589552358667 266.5226874112158 -28.740586984992177 266.52268185022405 -28.740589552358667
266.5224566097671 -28.72904716332548 266.52246237709966 -28.729048662715364 266.5224566097671 -28.72904716332548
266.5229777626579 -28.75555512225437 266.5229822474377 -28.75554184292047 266.5229777626579 -28.75555512225437
266.52284358585234 -28.748210816970737 266.52284891299706 -28.74820480466038 266.52284358585234 -28.748210816970737
266.5226538317352 -28.738331780697372 266.52265915395753 -28.73833056655109 266.5226538317352 -28.738331780697372
266.52245683524444 -28.727699069518934 266.52246216576924 -28.72770212887685 266.52245683524444 -28.727699069518934
266.52231037437616 -28.719341896660726 266.5223162634813 -28.71935010422721 266.52231037437616 -28.719341896660726
266.5222609309139 -28.717530725525737 266.5222671062878 -28.717538737801767 266.5222609309139 -28.717530725525737
266.5229161078224 -28.75143653910996 266.52292134027925 -28.75142722531955 266.5229161078224 -28.75143653910996
266.52231313885375 -28.717445138847314 266.5223312126122 -28.717440373893897 266.52231313885375 -28.717445138847314
266.5223669731583 -28.720662144991536 266.52237322776085 -28.72067028135058 266.5223669731583 -28.720662144991536
266.52273342993607 -28.739315981496034 266.52273880483256 -28.73931434460127 266.52273342993607 -28.739315981496034
266.5226965781073 -28.737543289438282 266.5227015354338 -28.737541631568572 266.5226965781073 -28.737543289438282
266.52265343624447 -28.73459101630447 266.522660012121 -28.734590120471484 266.52265343624447 -28.73459101630447
266.5224987928391 -28.727000078607265 266.5225038989813 -28.727001463581583 266.5224987928391 -28.727000078607265
266.52232436156834 -28.717230466621427 266.5223304211543 -28.71723927229492 266.52232436156834 -28.717230466621427
266.5230466995782 -28.754774183344907 266.52305185550125 -28.754765294129466 266.5230466995782 -28.754774183344907
266.522961550547 -28.750652133449442 266.52296669793 -28.75064433507648 266.522961550547 -28.750652133449442
266.5229209836985 -28.748111711505437 266.522926052798 -28.748105229300613 266.5229209836985 -28.748111711505437
266.5226830061862 -28.73583252650606 266.5226882619352 -28.735831836548673 266.5226830061862 -28.73583252650606
266.52237545463413 -28.718883603781624 266.522382108888 -28.71889208212177 266.52237545463413 -28.718883603781624
266.52232496531855 -28.716829682110156 266.52233108891204 -28.7168387149024 266.52232496531855 -28.716829682110156
266.52293098872383 -28.74782235785721 266.52293609717134 -28.74781691111677 266.52293098872383 -28.74782235785721
266.5228054889054 -28.741032903047305 266.5228110195292 -28.741029774124037 266.5228054889054 -28.741032903047305
266.5225378221769 -28.727114424013855 266.5225442968764 -28.72711759725632 266.5225378221769 -28.727114424013855
266.5223705370438 -28.716504764862137 266.52237326325013 -28.71651856009653 266.5223705370438 -28.716504764862137
266.52233685122394 -28.715280472320284 266.5223431337354 -28.715290122208792 266.52233685122394 -28.715280472320284
266.5230446238325 -28.75140292085688 266.523049998684 -28.75139461464013 266.5230446238325 -28.75140292085688
266.52275337324113 -28.73603166865559 266.5227627935173 -28.736023283879877 266.52275337324113 -28.73603166865559
266.5231180619278 -28.754618203490224 266.5231226803723 -28.75461003135007 266.5231180619278 -28.754618203490224
266.523244990655 -28.75997457666862 266.52325398793965 -28.759957537063254 266.523244990655 -28.75997457666862
266.5231396516058 -28.754435036424276 266.52314822747843 -28.75443002936024 266.5231396516058 -28.754435036424276
266.5225373801217 -28.72266271415982 266.52254231042053 -28.72267041701697 266.5225373801217 -28.72266271415982
266.5225321962232 -28.721576330673695 266.52253791388034 -28.721583819091276 266.5225321962232 -28.721576330673695
266.5230505402751 -28.74825414374929 266.52305819753605 -28.748246906871195 266.5230505402751 -28.74825414374929
266.5230121697594 -28.746652632522142 266.52301685066914 -28.746647708897036 266.5230121697594 -28.746652632522142
266.5226355257156 -28.725725741479454 266.52264159531916 -28.72573137770522 266.5226355257156 -28.725725741479454
266.52258824165347 -28.722922223079642 266.5225938921476 -28.72292954693811 266.52258824165347 -28.722922223079642
266.5224295533917 -28.714181922140252 266.52243573513863 -28.714191236938394 266.5224295533917 -28.714181922140252
266.52241820109236 -28.713383029209734 266.5224228940923 -28.713392596049985 266.52241820109236 -28.713383029209734
266.52280040329657 -28.73307112862019 266.52280576443735 -28.73307146582128 266.52280040329657 -28.73307112862019
266.5224991967902 -28.717277403649337 266.52250566599145 -28.717285626803033 266.5224991967902 -28.717277403649337
266.5224627278821 -28.715220674742067 266.52246924876005 -28.715230368004722 266.5224627278821 -28.715220674742067
266.52314006451905 -28.750153527131896 266.5231445497387 -28.75014643957668 266.52314006451905 -28.750153527131896
266.52268326114506 -28.725863519198942 266.52268919746336 -28.725868656148165 266.52268326114506 -28.725863519198942
266.52251360398304 -28.717084030058206 266.5225199030706 -28.717092666736725 266.52251360398304 -28.717084030058206
266.5233472813267 -28.757614620152037 266.52335087100374 -28.757599244511997 266.5233472813267 -28.757614620152037
266.5231288596133 -28.74670655614338 266.5231396451404 -28.74670371300992 266.5231288596133 -28.74670655614338
266.52296539199943 -28.738164596061658 266.52297222957964 -28.738162812394194 266.52296539199943 -28.738164596061658
266.522770279598 -28.727091033886555 266.5227747960373 -28.72709236513799 266.522770279598 -28.727091033886555
266.5232371314339 -28.750908492979754 266.5232424268906 -28.75090127116325 266.5232371314339 -28.750908492979754
266.5232713656276 -28.75168665994245 266.523275279424 -28.75167885435548 266.5232713656276 -28.75168665994245
266.5231706478475 -28.74622996588798 266.52317629260403 -28.74623007765805 266.5231706478475 -28.74622996588798
266.5230457643486 -28.738513970938442 266.52305135081616 -28.7385122970996 266.5230457643486 -28.738513970938442
266.52274105525566 -28.722448121328302 266.5227479999363 -28.722454767163484 266.52274105525566 -28.722448121328302
266.5227170472511 -28.721520399820744 266.5227229618733 -28.721527779127513 266.5227170472511 -28.721520399820744
266.52259266733705 -28.714361095765067 266.5225987333851 -28.71437043981218 266.52259266733705 -28.714361095765067
266.52258924560863 -28.714159085499226 266.52259528560836 -28.714169046946004 266.52258924560863 -28.714159085499226
266.5232300596409 -28.746820677805836 266.52323377835734 -28.746819035062863 266.5232300596409 -28.746820677805836
266.52313759925494 -28.741885385873008 266.5231431879108 -28.741882046801695 266.52313759925494 -28.741885385873008
266.5231044118708 -28.740052797765518 266.5231096434886 -28.740050116426776 266.5231044118708 -28.740052797765518
266.5231411951454 -28.740949187879906 266.5231464640791 -28.740946606375815 266.5231411951454 -28.740949187879906
266.5231375961095 -28.740658991404175 266.5231428274012 -28.74065644630533 266.5231375961095 -28.740658991404175
266.523002392948 -28.733021717383462 266.5230083292625 -28.733022130058462 266.523002392948 -28.733021717383462
266.5226846157845 -28.71690219000401 266.52269131398623 -28.71691068496969 266.5226846157845 -28.71690219000401
266.5234937415634 -28.757865302547838 266.5234966885887 -28.75786590009486 266.5234937415634 -28.757865302547838
266.5232292217961 -28.74386316616551 266.5232342497832 -28.74385903792106 266.5232292217961 -28.74386316616551
266.52314623644276 -28.739395107193094 266.5231512680211 -28.739392390443925 266.52314623644276 -28.739395107193094
266.5229902382425 -28.732004925240414 266.5229953161008 -28.73200521021288 266.5229902382425 -28.732004925240414
266.52298533886966 -28.731272163819728 266.5229907571538 -28.73127316799176 266.52298533886966 -28.731272163819728
266.52280473892307 -28.72160869508494 266.52281019871253 -28.72161643662924 266.52280473892307 -28.72160869508494
266.52346740812067 -28.756002018804583 266.52346368105344 -28.756004563344206 266.52346740812067 -28.756002018804583
266.5231702547929 -28.73953236174379 266.52317514116345 -28.73952965435046 266.5231702547929 -28.73953236174379
266.5231332370259 -28.738369598960755 266.5231384444428 -28.738368477451246 266.5231332370259 -28.738369598960755
266.52316064212823 -28.738128908464553 266.5231661616364 -28.73812735145444 266.52316064212823 -28.738128908464553
266.52305603032994 -28.73283935631849 266.52306311381375 -28.732840128575663 266.52305603032994 -28.73283935631849
266.5230479132592 -28.732597795674582 266.52305356440485 -28.732597909152958 266.5230479132592 -28.732597795674582
266.5235699827931 -28.758818090957963 266.5235740394647 -28.75880221147752 266.5235699827931 -28.758818090957963
266.523560349138 -28.758366375924457 266.5235685106896 -28.758351335765923 266.523560349138 -28.758366375924457
266.5231259569126 -28.735773736300217 266.52311999839736 -28.735772070227775 266.5231259569126 -28.735773736300217
266.5228283628383 -28.719382265956032 266.5228342289469 -28.719390596919308 266.5228283628383 -28.719382265956032
266.52274843196784 -28.714689428865473 266.52275392954033 -28.714699125239108 266.52274843196784 -28.714689428865473
266.5235200577083 -28.75462556772698 266.52352532607495 -28.75461608351363 266.5235200577083 -28.75462556772698
266.5234117727136 -28.748633019895568 266.52341627515335 -28.74862625980212 266.5234117727136 -28.748633019895568
266.52293017824513 -28.72290955957757 266.5229363017659 -28.722917501051903 266.52293017824513 -28.72290955957757
266.52292670439533 -28.722611748840446 266.52293226148197 -28.722618022947337 266.52292670439533 -28.722611748840446
266.5234357344741 -28.748888728545296 266.52344095838197 -28.748882044498554 266.5234357344741 -28.748888728545296
266.5234623590421 -28.749234631304137 266.52346690728217 -28.74922616105738 266.5234623590421 -28.749234631304137
266.52299852744125 -28.72438489459241 266.52300425558394 -28.72439106146866 266.52299852744125 -28.72438489459241
266.5236650555757 -28.75910019298369 266.5236689501649 -28.75908499171091 266.5236650555757 -28.75910019298369
266.5235178030359 -28.751541030806546 266.5235226434334 -28.75153277262513 266.5235178030359 -28.751541030806546
266.52344983156365 -28.747840604910706 266.52345377091694 -28.747835944372643 266.52344983156365 -28.747840604910706
266.5232196118505 -28.735590598787965 266.52322477572795 -28.735589786079554 266.5232196118505 -28.735590598787965
266.52312397820066 -28.730258724331023 266.5231301705292 -28.73026238145184 266.52312397820066 -28.730258724331023
266.52362756905296 -28.75554683630968 266.52363176960165 -28.755533263782446 266.52362756905296 -28.75554683630968
266.5234473488637 -28.74667426549939 266.5234524803435 -28.74666908762135 266.5234473488637 -28.74667426549939
266.52308075816046 -28.7270657358796 266.5230869721063 -28.727071454979953 266.52308075816046 -28.7270657358796
266.52372099145595 -28.758963566033135 266.5237250024138 -28.758947943806223 266.52372099145595 -28.758963566033135
266.5229863506691 -28.71988264714998 266.522992711959 -28.719890289627905 266.5229863506691 -28.71988264714998
266.52292914770334 -28.715053490049076 266.52292670590936 -28.715060078538414 266.52292914770334 -28.715053490049076
266.52368673860207 -28.754668597553465 266.5236966341973 -28.75466687979023 266.52368673860207 -28.754668597553465
266.52363723454215 -28.752688481642526 266.5236424221387 -28.75267898782605 266.52363723454215 -28.752688481642526
266.5235588995942 -28.748422419453924 266.52356895971246 -28.74841956618428 266.5235588995942 -28.748422419453924
266.52338281915894 -28.738328915463583 266.52338913470385 -28.738327255762268 266.52338281915894 -28.738328915463583
266.5230666386396 -28.72283391317698 266.5230742183543 -28.722838575983783 266.5230666386396 -28.72283391317698
266.5228837100503 -28.712638566756716 266.5228893289694 -28.7126468553859 266.5228837100503 -28.712638566756716
266.5238051615149 -28.759541699957833 266.5238093259115 -28.759525909042086 266.5238051615149 -28.759541699957833
266.5235016292893 -28.74342569749232 266.523506864597 -28.743422648375088 266.5235016292893 -28.74342569749232
266.52291315649495 -28.712827636334957 266.5228847338414 -28.71283702439411 266.52291315649495 -28.712827636334957
266.52373132474804 -28.75536226297228 266.52373429419885 -28.755349466408 266.52373132474804 -28.75536226297228
266.5232556123721 -28.73006713832162 266.5232607832905 -28.730068797126005 266.5232556123721 -28.73006713832162
266.52306716138344 -28.719370721514252 266.5230731421326 -28.719378913757595 266.52306716138344 -28.719370721514252
266.5233292863853 -28.732743984300193 266.5233360617756 -28.732744236724262 266.5233292863853 -28.732743984300193
266.52328858091334 -28.73032119379294 266.52329030724667 -28.73032104788179 266.52328858091334 -28.73032119379294
266.5229473416753 -28.71226673784504 266.52295343045625 -28.71227863995673 266.5229473416753 -28.71226673784504
266.523489470628 -28.74025217619736 266.5234945567755 -28.74024937257187 266.523489470628 -28.74025217619736
266.52328955264295 -28.729687648981592 266.52329465623893 -28.7296893525349 266.52328955264295 -28.729687648981592
266.523247183431 -28.726683257678754 266.52325235660743 -28.726686125390803 266.523247183431 -28.726683257678754
266.523048507162 -28.71703834459474 266.5230559455149 -28.7170465254522 266.523048507162 -28.71703834459474
