catalogs/crowdsource_based_nircam-long_reference_astrometric_catalog.ecsv
# %ECSV 1.0
# ---
# datatype:
# - {name: skycoord_f410m.ra, unit: deg, datatype: float64}
# - {name: skycoord_f410m.dec, unit: deg, datatype: float64}
# - {name: skycoord_f405n.ra, unit: deg, datatype: float64}
# - {name: skycoord_f405n.dec, unit: deg, datatype: float64}
# - {name: RA, unit: deg, datatype: float64}
# - {name: DEC, unit: deg, datatype: float64}
# meta: !!omap
# - {410FILE: /blue/adamginsburg/adamginsburg/jwst/brick//F410M/f410m_nrca_unsatstar_bgsub_crowdsource_nsky0.fits}
# - {410FILT: f410m}
# - {212FILE: /blue/adamginsburg/adamginsburg/jwst/brick//F212N/f212n_nrca_unsatstar_bgsub_crowdsource_nsky0.fits}
# - {212FILT: f212n}
# - {466FILE: /blue/adamginsburg/adamginsburg/jwst/brick//F466N/f466n_nrca_unsatstar_bgsub_crowdsource_nsky0.fits}
# - {466FILT: f466n}
# - {405FILE: /blue/adamginsburg/adamginsburg/jwst/brick//F405N/f405n_nrca_unsatstar_bgsub_crowdsource_nsky0.fits}
# - {405FILT: f405n}
# - {187FILE: /blue/adamginsburg/adamginsburg/jwst/brick//F187N/f187n_nrca_unsatstar_bgsub_crowdsource_nsky0.fits}
# - {187FILT: f187n}
# - {182FILE: /blue/adamginsburg/adamginsburg/jwst/brick//F182M/f182m_nrca_unsatstar_bgsub_crowdsource_nsky0.fits}
# - {182FILT: f182m}
# - {VERSION: '2023-02-12T17:30:18.439562'}
# - {PARENT_VERSION: '2023-02-11T18:44:34.264380'}
# - __serialized_columns__:
#     skycoord_f405n:
#       __class__: astropy.coordinates.sky_coordinate.SkyCoord
#       dec: !astropy.table.SerializedColumn
#         __class__: astropy.coordinates.angles.Latitude
#         unit: &id001 !astropy.units.Unit {unit: deg}
#         value: !astropy.table.SerializedColumn {name: skycoord_f405n.dec}
#       frame: icrs
#       ra: !astropy.table.SerializedColumn
#         __class__: astropy.coordinates.angles.Longitude
#         unit: *id001
#         value: !astropy.table.SerializedColumn {name: skycoord_f405n.ra}
#         wrap_angle: !astropy.coordinates.Angle
#           unit: *id001
#           value: 360.0
#       representation_type: spherical
#     skycoord_f410m:
#       __class__: astropy.coordinates.sky_coordinate.SkyCoord
#       dec: !astropy.table.SerializedColumn
#         __class__: astropy.coordinates.angles.Latitude
#         unit: *id001
#         value: !astropy.table.SerializedColumn {name: skycoord_f410m.dec}
#       frame: icrs
#       ra: !astropy.table.SerializedColumn
#         __class__: astropy.coordinates.angles.Longitude
#         unit: *id001
#         value: !astropy.table.SerializedColumn {name: skycoord_f410m.ra}
#         wrap_angle: !astropy.coordinates.Angle
#           unit: *id001
#           value: 360.0
#       representation_type: spherical
# schema: astropy-2.0
skycoord_f410m.ra skycoord_f410m.dec skycoord_f405n.ra skycoord_f405n.dec RA DEC
[from data line 4635]
266.52171949600455 -28.751410818004622 266.5217247661612 -28.751403548272123 266.52171949600455 -28.751410818004622
266.5216822660823 -28.749517647207313 266.52168500797467 -28.74950924364385 266.5216822660823 -28.749517647207313
266.5216763798803 -28.74933193917437 266.52168228964086 -28.749332961908628 266.5216763798803 -28.74933193917437
266.5214654914328 -28.738454005629162 266.5214755482959 -28.738463085644725 266.5214654914328 -28.738454005629162
266.52144448213414 -28.73719233555902 266.52144838299176 -28.737188728392187 266.52144448213414 -28.73719233555902
266.52123949634483 -28.72680155378164 266.52124504594326 -28.72680452816064 266.52123949634483 -28.72680155378164
266.52118331221004 -28.723843947071135 266.5211890899421 -28.72385135676356 266.52118331221004 -28.723843947071135
266.5211280189387 -28.72031181866617 266.5211319930488 -28.720321561847932 266.5211280189387 -28.72031181866617
266.52106340110805 -28.71747454260214 266.52107033467075 -28.717483231684895 266.52106340110805 -28.71747454260214
266.52106100555534 -28.716716216101563 266.5210675369915 -28.716724865407404 266.52106100555534 -28.716716216101563
266.52169465071177 -28.749094588222125 266.52170901282426 -28.749085165600285 266.52169465071177 -28.749094588222125
266.5216348608181 -28.746552876454906 266.5216359045604 -28.746547620731107 266.5216348608181 -28.746552876454906
266.5215899007123 -28.74361330696213 266.52159588696236 -28.743609838358385 266.5215899007123 -28.74361330696213
266.52149555835194 -28.73880575674039 266.5215088337811 -28.738802709190093 266.52149555835194 -28.73880575674039
266.5214469532777 -28.736590002903935 266.52145136266375 -28.736592509466885 266.5214469532777 -28.736590002903935
266.5213270742355 -28.73019717842424 266.5213314739836 -28.730198301958072 266.5213270742355 -28.73019717842424
266.52100131571257 -28.712729755488738 266.5210061064978 -28.712717887572065 266.52100131571257 -28.712729755488738
266.5219430609627 -28.761931567811747 266.52194967551276 -28.76191333650039 266.5219430609627 -28.761931567811747
266.5218034923606 -28.754185076314403 266.52180976827606 -28.754173578905142 266.5218034923606 -28.754185076314403
266.5217628978653 -28.752651066574586 266.521767944669 -28.752643049122074 266.5217628978653 -28.752651066574586
266.5217315202626 -28.75036039064573 266.52173646059015 -28.75035402970602 266.5217315202626 -28.75036039064573
266.52171051586697 -28.749657030456454 266.5217146253255 -28.7496466056318 266.52171051586697 -28.749657030456454
266.5216228256912 -28.74435788723706 266.521627841877 -28.74435370435567 266.5216228256912 -28.74435788723706
266.5215846339087 -28.742701492992726 266.5215927134631 -28.742697114867685 266.5215846339087 -28.742701492992726
266.52154751818114 -28.740504917726916 266.5215541942043 -28.74050169468749 266.52154751818114 -28.740504917726916
266.52148774803413 -28.73731381899981 266.52149345924187 -28.737314138735066 266.52148774803413 -28.73731381899981
266.52141032776194 -28.733305008226324 266.52141668521557 -28.733309726277643 266.52141032776194 -28.733305008226324
266.5213249756793 -28.72925757365384 266.521332910689 -28.72925868433835 266.5213249756793 -28.72925757365384
266.5212498085488 -28.72544191280676 266.5212562478378 -28.725447540020138 266.5212498085488 -28.72544191280676
266.5211300919844 -28.71875994540398 266.5211380327815 -28.718769088521146 266.5211300919844 -28.71875994540398
266.52113105348315 -28.71854755417125 266.5211378271851 -28.71855548635732 266.52113105348315 -28.71854755417125
266.5210426784092 -28.71361007364364 266.52104761436266 -28.71362484896906 266.5210426784092 -28.71361007364364
266.52104136662774 -28.71333958148954 266.5210451425251 -28.713349912035397 266.52104136662774 -28.71333958148954
266.52189989331583 -28.758503317607616 266.52190430212363 -28.75848811928676 266.52189989331583 -28.758503317607616
266.5218650525573 -28.756934926463487 266.52186570892496 -28.756922538378937 266.5218650525573 -28.756934926463487
266.52182369320207 -28.754760168703204 266.521829299587 -28.754750801893167 266.52182369320207 -28.754760168703204
266.52162621043914 -28.743742206328704 266.5216319365834 -28.743738841530835 266.52162621043914 -28.743742206328704
266.5215366078274 -28.739370536429227 266.52154233572946 -28.73936863330024 266.5215366078274 -28.739370536429227
266.5214675400198 -28.735247430385208 266.52146990958437 -28.73524652772194 266.5214675400198 -28.735247430385208
266.52140672585824 -28.732539309241393 266.5214077737733 -28.73253800397327 266.52140672585824 -28.732539309241393
266.52113809203996 -28.71813980299714 266.52114223377066 -28.71814806974619 266.52113809203996 -28.71813980299714
266.5211161134865 -28.71696361090302 266.5211209353213 -28.71697457820644 266.5211161134865 -28.71696361090302
266.5211224009432 -28.716463427045966 266.5211285485739 -28.716471689397746 266.5211224009432 -28.716463427045966
266.52192603501817 -28.75867906107941 266.5219303424348 -28.75866324990494 266.52192603501817 -28.75867906107941
266.52189752700207 -28.75686318401156 266.52191253311304 -28.75684523089014 266.52189752700207 -28.75686318401156
266.52182870835605 -28.753151466017325 266.5218340223146 -28.75314516108488 266.52182870835605 -28.753151466017325
266.521775457139 -28.751084689202386 266.52178162396183 -28.75107676162141 266.521775457139 -28.751084689202386
266.5214912892317 -28.735071810957837 266.52148936559934 -28.73506747966324 266.5214912892317 -28.735071810957837
266.52134588578406 -28.72753170786566 266.5213502250148 -28.727535726853834 266.52134588578406 -28.72753170786566
266.5213080216287 -28.726418511748324 266.5213144810756 -28.726418635613047 266.5213080216287 -28.726418511748324
266.52125619901034 -28.723081379150326 266.5212621739192 -28.72308814850526 266.52125619901034 -28.723081379150326
266.52124967837335 -28.722564937123593 266.52125697134306 -28.722572297059845 266.52124967837335 -28.722564937123593
266.5212493576492 -28.72229333232948 266.52125528549993 -28.72230215269107 266.5212493576492 -28.72229333232948
266.52120743444084 -28.72017902794716 266.5212143593688 -28.720186268221806 266.52120743444084 -28.72017902794716
266.52118775946406 -28.719758892827013 266.5211898007726 -28.719762775090953 266.52118775946406 -28.719758892827013
266.52112061654293 -28.715543706810582 266.52113245061435 -28.715554559878044 266.52112061654293 -28.715543706810582
266.52105547304194 -28.71218549488039 266.52106049345514 -28.712196722240368 266.52105547304194 -28.71218549488039
266.5218387181965 -28.75341841831429 266.52184359049255 -28.75340935512789 266.5218387181965 -28.75341841831429
266.52170304115185 -28.74550172186983 266.5217085163573 -28.74549821675924 266.52170304115185 -28.74550172186983
266.5216817351467 -28.744145702444605 266.52168611365283 -28.74414279641165 266.5216817351467 -28.744145702444605
266.5214529139226 -28.73270063606495 266.5214589153953 -28.732701333465908 266.5214529139226 -28.73270063606495
266.5214535694564 -28.732428094453635 266.52146266190823 -28.732438067082487 266.5214535694564 -28.732428094453635
266.52144090070885 -28.73160619857962 266.5214466837111 -28.731606130361257 266.52144090070885 -28.73160619857962
266.52130903405885 -28.725283886906517 266.5213146960147 -28.725290516852894 266.52130903405885 -28.725283886906517
266.5213104735105 -28.725141617819954 266.5213198979172 -28.72514880330902 266.5213104735105 -28.725141617819954
266.5212633416146 -28.722473306921373 266.52127034761537 -28.72248040131246 266.5212633416146 -28.722473306921373
266.5212513162661 -28.721910079710526 266.52125809324906 -28.721917269549245 266.5212513162661 -28.721910079710526
266.5211977064225 -28.71922571971703 266.5212040197401 -28.719232831972352 266.5211977064225 -28.71922571971703
266.5211195742969 -28.71496461393835 266.5211287054224 -28.714972843535023 266.5211195742969 -28.71496461393835
266.5219830088041 -28.759990803996786 266.5219881292336 -28.759975078792635 266.5219830088041 -28.759990803996786
266.52188700917475 -28.75488000297055 266.5218948429262 -28.754870907694862 266.52188700917475 -28.75488000297055
266.521780426278 -28.74861746409752 266.5217835331085 -28.74861139567239 266.521780426278 -28.74861746409752
266.5217568422318 -28.747325890226985 266.5217630863709 -28.747321176679968 266.5217568422318 -28.747325890226985
266.52154621970095 -28.736785940525927 266.5215540621328 -28.7367856224243 266.52154621970095 -28.736785940525927
266.5215379923774 -28.736134956771743 266.5215438909872 -28.73613445648002 266.5215379923774 -28.736134956771743
266.5214600417296 -28.731868725029358 266.5214653373344 -28.731869163676286 266.5214600417296 -28.731868725029358
266.5214527282509 -28.731418632576215 266.52146005130993 -28.731420139720125 266.5214527282509 -28.731418632576215
266.52125779649253 -28.72092743783071 266.52126437349693 -28.720935488603814 266.52125779649253 -28.72092743783071
266.5211138758625 -28.71313455801747 266.52112310854625 -28.713147343562966 266.5211138758625 -28.71313455801747
266.52203643762823 -28.761457121892853 266.5220420248097 -28.761439124095606 266.52203643762823 -28.761457121892853
266.52204137605537 -28.76138291131388 266.52204617897735 -28.761365932483642 266.52204137605537 -28.76138291131388
266.5218692731178 -28.752263356177753 266.5218749063129 -28.752254483168144 266.5218692731178 -28.752263356177753
266.5215488693027 -28.73513173761017 266.52155420120073 -28.73513242642636 266.5215488693027 -28.73513173761017
266.5214954316838 -28.733112733100683 266.5215011650236 -28.73311239146626 266.5214954316838 -28.733112733100683
266.5214767352559 -28.73197776568326 266.5214816410786 -28.73197757562814 266.5214767352559 -28.73197776568326
266.52146331727835 -28.730958225820846 266.52147298308637 -28.730957615449924 266.52146331727835 -28.730958225820846
266.52140633979474 -28.728264918183577 266.5214133551232 -28.72826645121993 266.52140633979474 -28.728264918183577
266.5213797962423 -28.726605581232477 266.52138649799156 -28.726609286958933 266.5213797962423 -28.726605581232477
266.5213550779374 -28.72455682867536 266.52135763598613 -28.724561549191773 266.5213550779374 -28.72455682867536
266.5212962602707 -28.72161246816612 266.52130386432407 -28.721618574220848 266.5212962602707 -28.72161246816612
266.5220442746739 -28.76044744333111 266.5220502185444 -28.760431331691244 266.5220442746739 -28.76044744333111
266.5220130265565 -28.759478970398696 266.52201923666945 -28.75946292316133 266.5220130265565 -28.759478970398696
266.5219115883636 -28.75424914103537 266.52191801772983 -28.754240649676756 266.5219115883636 -28.75424914103537
266.5218156060717 -28.748190742862825 266.5218211702967 -28.748183986875333 266.5218156060717 -28.748190742862825
266.5217162728461 -28.743462467649636 266.52172324525725 -28.743458577054103 266.5217162728461 -28.743462467649636
266.5216939723467 -28.742352428238746 266.5217000546375 -28.74234923845674 266.5216939723467 -28.742352428238746
266.52158885771854 -28.736580915521078 266.5215947527767 -28.736580197097116 266.52158885771854 -28.736580915521078
266.5213427407667 -28.722886052930566 266.521349056695 -28.722892033260493 266.5213427407667 -28.722886052930566
266.52121900864694 -28.716496514273846 266.52122561631506 -28.716506091581053 266.52121900864694 -28.716496514273846
266.522016270681 -28.75844792250772 266.5220211482151 -28.75843254365686 266.522016270681 -28.75844792250772
266.52189630386204 -28.751449072335397 266.5218990573784 -28.75144209876873 266.52189630386204 -28.751449072335397
266.52182535120556 -28.747950374766834 266.52183130269935 -28.74794518475239 266.52182535120556 -28.747950374766834
266.5218132994568 -28.7474424056897 266.52180742764216 -28.747450199830947 266.5218132994568 -28.7474424056897
266.5217287839644 -28.742820738219415 266.52173466737133 -28.742814369564098 266.5217287839644 -28.742820738219415
266.52163989772686 -28.738024479563595 266.5216468224355 -28.738022260421427 266.52163989772686 -28.738024479563595
266.5215861739054 -28.735385187684205 266.5215939163243 -28.735392266880034 266.5215861739054 -28.735385187684205
266.5215118637424 -28.731172068565552 266.5214947325141 -28.731155030496478 266.5215118637424 -28.731172068565552
266.521477343614 -28.72961463987613 266.52148336417025 -28.729615477878685 266.521477343614 -28.72961463987613
266.5214211911291 -28.726235456104995 266.52142755813213 -28.726239217358458 266.5214211911291 -28.726235456104995
266.5213452428839 -28.722189141487526 266.5213493083295 -28.722197095461443 266.5213452428839 -28.722189141487526
266.5212276623626 -28.71669040491253 266.5212386966519 -28.716701459089737 266.5212276623626 -28.71669040491253
266.5211743799574 -28.71338507258394 266.52117874972015 -28.71339695850884 266.5211743799574 -28.71338507258394
266.52209544302787 -28.761117211423684 266.52209985697925 -28.76110124892592 266.52209544302787 -28.761117211423684
266.52204594088926 -28.758743390068485 266.5220494337934 -28.758729404575828 266.52204594088926 -28.758743390068485
266.52196067460466 -28.753921687451506 266.52196539181847 -28.753916085463292 266.52196067460466 -28.753921687451506
266.5219193568968 -28.75255479781567 266.5219264537439 -28.752548523981396 266.5219193568968 -28.75255479781567
266.5217275001809 -28.742218282225064 266.5217334223673 -28.74221495468362 266.5217275001809 -28.742218282225064
266.52156066421 -28.732776838613894 266.5215682900483 -28.732776764723546 266.52156066421 -28.732776838613894
266.52147429877374 -28.727781586959757 266.5214800292151 -28.727784067658135 266.52147429877374 -28.727781586959757
266.5214150746109 -28.725477419100745 266.5214217481815 -28.72548467024547 266.5214150746109 -28.725477419100745
266.5212571902026 -28.71720247073126 266.52126485200193 -28.717210944917703 266.5212571902026 -28.71720247073126
266.5212168404708 -28.714365655835632 266.5212269298525 -28.71438038824219 266.5212168404708 -28.714365655835632
266.52192198040603 -28.751131271826708 266.52192526717334 -28.75112275695759 266.52192198040603 -28.751131271826708
266.5219230266036 -28.750638368687344 266.5219283196605 -28.75063122515513 266.5219230266036 -28.750638368687344
266.52144934866357 -28.726033705025237 266.52145965933664 -28.72603817415087 266.52144934866357 -28.726033705025237
266.5213762423061 -28.722487848233857 266.52138258957143 -28.72249535168216 266.5213762423061 -28.722487848233857
266.5213087863982 -28.718396342342682 266.5213141181938 -28.71840380796852 266.5213087863982 -28.718396342342682
266.52122614777096 -28.71454436050198 266.5212326729746 -28.71455436133664 266.52122614777096 -28.71454436050198
266.5220799946335 -28.75865695073064 266.5220827014949 -28.75864224836534 266.5220799946335 -28.75865695073064
266.52202962422405 -28.75603002532282 266.52203360948806 -28.756015951945034 266.52202962422405 -28.75603002532282
266.521669445369 -28.73643728222805 266.52167550868387 -28.73643510007268 266.521669445369 -28.73643728222805
266.52145309593254 -28.72486283876379 266.5214597490085 -28.724868695604282 266.52145309593254 -28.72486283876379
266.52144825523766 -28.724525215616733 266.52145380588104 -28.724530177918883 266.52144825523766 -28.724525215616733
266.52141641291377 -28.723204435606803 266.521422413153 -28.72321153350106 266.52141641291377 -28.723204435606803
266.5213547156301 -28.720315150441007 266.5213613749782 -28.720323795784306 266.5213547156301 -28.720315150441007
266.52134722429264 -28.719816224149305 266.5213619020737 -28.719820501284197 266.52134722429264 -28.719816224149305
266.52215517427743 -28.761380328895466 266.5221600914815 -28.761363712656728 266.52215517427743 -28.761380328895466
266.5221399559824 -28.76065381227609 266.52214462210173 -28.76063776827052 266.5221399559824 -28.76065381227609
266.522072288182 -28.757249715688612 266.52207108030524 -28.7572366028006 266.522072288182 -28.757249715688612
266.5220331252496 -28.75489706712806 266.5220373083722 -28.754889423357348 266.5220331252496 -28.75489706712806
