catalogs/crowdsource_based_nircam-long_reference_astrometric_catalog.ecsv
# %ECSV 1.0
# ---
# datatype:
# - {name: skycoord_f410m.ra, unit: deg, datatype: float64}
# - {name: skycoord_f410m.dec, unit: deg, datatype: float64}
# - {name: skycoord_f405n.ra, unit: deg, datatype: float64}
# - {name: skycoord_f405n.dec, unit: deg, datatype: float64}
# - {name: RA, unit: deg, datatype: float64}
# - {name: DEC, unit: deg, datatype: float64}
# meta: !!omap
# - {410FILE: /blue/adamginsburg/adamginsburg/jwst/brick//F410M/f410m_nrca_unsatstar_bgsub_crowdsource_nsky0.fits}
# - {410FILT: f410m}
# - {212FILE: /blue/adamginsburg/adamginsburg/jwst/brick//F212N/f212n_nrca_unsatstar_bgsub_crowdsource_nsky0.fits}
# - {212FILT: f212n}
# - {466FILE: /blue/adamginsburg/adamginsburg/jwst/brick//F466N/f466n_nrca_unsatstar_bgsub_crowdsource_nsky0.fits}
# - {466FILT: f466n}
# - {405FILE: /blue/adamginsburg/adamginsburg/jwst/brick//F405N/f405n_nrca_unsatstar_bgsub_crowdsource_nsky0.fits}
# - {405FILT: f405n}
# - {187FILE: /blue/adamginsburg/adamginsburg/jwst/brick//F187N/f187n_nrca_unsatstar_bgsub_crowdsource_nsky0.fits}
# - {187FILT: f187n}
# - {182FILE: /blue/adamginsburg/adamginsburg/jwst/brick//F182M/f182m_nrca_unsatstar_bgsub_crowdsource_nsky0.fits}
# - {182FILT: f182m}
# - {VERSION: '2023-02-12T17:30:18.439562'}
# - {PARENT_VERSION: '2023-02-11T18:44:34.264380'}
# - __serialized_columns__:
#     skycoord_f405n:
#       __class__: astropy.coordinates.sky_coordinate.SkyCoord
#       dec: !astropy.table.SerializedColumn
#         __class__: astropy.coordinates.angles.Latitude
#         unit: &id001 !astropy.units.Unit {unit: deg}
#         value: !astropy.table.SerializedColumn {name: skycoord_f405n.dec}
#       frame: icrs
#       ra: !astropy.table.SerializedColumn
#         __class__: astropy.coordinates.angles.Longitude
#         unit: *id001
#         value: !astropy.table.SerializedColumn {name: skycoord_f405n.ra}
#         wrap_angle: !astropy.coordinates.Angle
#           unit: *id001
#           value: 360.0
#       representation_type: spherical
#     skycoord_f410m:
#       __class__: astropy.coordinates.sky_coordinate.SkyCoord
#       dec: !astropy.table.SerializedColumn
#         __class__: astropy.coordinates.angles.Latitude
#         unit: *id001
#         value: !astropy.table.SerializedColumn {name: skycoord_f410m.dec}
#       frame: icrs
#       ra: !astropy.table.SerializedColumn
#         __class__: astropy.coordinates.angles.Longitude
#         unit: *id001
#         value: !astropy.table.SerializedColumn {name: skycoord_f410m.ra}
#         wrap_angle: !astropy.coordinates.Angle
#           unit: *id001
#           value: 360.0
#       representation_type: spherical
# schema: astropy-2.0
skycoord_f410m.ra skycoord_f410m.dec skycoord_f405n.ra skycoord_f405n.dec RA DEC
[from data line 21346]
266.5524133169496 -28.73516604613028 266.5524089273494 -28.73516758409174 266.5524133169496 -28.73516604613028
266.5523771364177 -28.732832924450975 266.55237119974487 -28.732834391138724 266.5523771364177 -28.732832924450975
266.55235795012106 -28.73245315078845 266.55235318060613 -28.732454254133813 266.55235795012106 -28.73245315078845
266.5523464935144 -28.731919448765428 266.5523405399556 -28.7319199246981 266.5523464935144 -28.731919448765428
266.55224726156297 -28.726175798674255 266.55224090058016 -28.726178935916533 266.55224726156297 -28.726175798674255
266.55220503309715 -28.723724384667104 266.5521991318579 -28.723731534842138 266.55220503309715 -28.723724384667104
266.55215259664146 -28.72141338827791 266.5521448966719 -28.721421265069466 266.55215259664146 -28.72141338827791
266.552881971312 -28.758167381319147 266.55287385401346 -28.758150947663356 266.552881971312 -28.758167381319147
266.55282710312895 -28.755811926263384 266.5528201449279 -28.755801148101618 266.55282710312895 -28.755811926263384
266.5527443818864 -28.751365339456544 266.55273733912964 -28.751356919243726 266.5527443818864 -28.751365339456544
266.5525483526958 -28.741139577809466 266.55253031974905 -28.741137829450217 266.5525483526958 -28.741139577809466
266.552085754956 -28.716473750850685 266.5520792065735 -28.71648236028377 266.552085754956 -28.716473750850685
266.55200248147116 -28.712413284354362 266.55199669900765 -28.71242126426614 266.55200248147116 -28.712413284354362
266.5529484227321 -28.76094684980009 266.552944381423 -28.760932459271057 266.5529484227321 -28.76094684980009
266.55291609318624 -28.759726826065062 266.55290897749137 -28.759711937050977 266.55291609318624 -28.759726826065062
266.5528875993084 -28.757554033292905 266.5528807976714 -28.75754102750722 266.5528875993084 -28.757554033292905
266.55279671654466 -28.752947263692068 266.5527908472801 -28.752938605621498 266.55279671654466 -28.752947263692068
266.5525280413079 -28.739088061959567 266.552521305702 -28.739084786078017 266.5525280413079 -28.739088061959567
266.5524811734176 -28.73554347211677 266.55245721361314 -28.735546448386685 266.5524811734176 -28.73554347211677
266.5524259986873 -28.73355228841735 266.5524052271172 -28.733551909221205 266.5524259986873 -28.73355228841735
266.55240636543067 -28.732736327570063 266.55239979312745 -28.732737539465383 266.55240636543067 -28.732736327570063
266.5523467737819 -28.7291617763996 266.55234063009306 -28.729163464023014 266.5523467737819 -28.7291617763996
266.5522938527576 -28.72685365953882 266.55228607698166 -28.72685594251432 266.5522938527576 -28.72685365953882
266.55216860524337 -28.71991007638042 266.5521629278264 -28.719918718220956 266.55216860524337 -28.71991007638042
266.5521595727549 -28.719505539429772 266.5521531539514 -28.719514988135977 266.5521595727549 -28.719505539429772
266.55204824176 -28.714223866854162 266.5520429172833 -28.714233470946052 266.55204824176 -28.714223866854162
266.55294811286416 -28.76007719716295 266.5529390846625 -28.760067873702635 266.55294811286416 -28.76007719716295
266.55288190861444 -28.756038544835395 266.5528750549232 -28.756025268513916 266.55288190861444 -28.756038544835395
266.5526031710937 -28.741726957997116 266.55259627566033 -28.74172613225299 266.5526031710937 -28.741726957997116
266.55241761113143 -28.732555547154327 266.5524116096339 -28.732555647391187 266.55241761113143 -28.732555547154327
266.55239683822526 -28.73141337818045 266.5523896360895 -28.7314157480506 266.55239683822526 -28.73141337818045
266.55224264628094 -28.722974507780766 266.5522358983494 -28.72298135976864 266.55224264628094 -28.722974507780766
266.5522006595426 -28.720845206190564 266.5521948313223 -28.720851715473525 266.5522006595426 -28.720845206190564
266.5520749785012 -28.7138485524106 266.55206618113385 -28.713860314719835 266.5520749785012 -28.7138485524106
266.5520768318182 -28.71374245756257 266.55207664724156 -28.71376158458283 266.5520768318182 -28.71374245756257
266.5529713356477 -28.75985932724544 266.5529642115351 -28.75984627159604 266.5529713356477 -28.75985932724544
266.5529383673732 -28.758266760929356 266.55292983142806 -28.758251417030134 266.5529383673732 -28.758266760929356
266.5529164100578 -28.756984463860366 266.55291040285283 -28.756971170730786 266.5529164100578 -28.756984463860366
266.55287264975595 -28.754222505177395 266.552870683596 -28.754212083927527 266.55287264975595 -28.754222505177395
266.5526146655525 -28.740685285606265 266.55260567186764 -28.74068588901106 266.5526146655525 -28.740685285606265
266.5525452463467 -28.73737825469361 266.5525391432745 -28.737377315626567 266.5525452463467 -28.73737825469361
266.55236448619064 -28.72842749562795 266.55235811517684 -28.728430593106765 266.55236448619064 -28.72842749562795
266.55230268312005 -28.72507233023981 266.5522959280716 -28.72507823898793 266.55230268312005 -28.72507233023981
266.5521114513533 -28.715516190484916 266.55210692196204 -28.71552859527053 266.5521114513533 -28.715516190484916
266.55300068705066 -28.761211148897416 266.5530009143095 -28.761196614756763 266.55300068705066 -28.761211148897416
266.55299757830636 -28.760590434207383 266.55297483937096 -28.760584304026047 266.55299757830636 -28.760590434207383
266.5529206701226 -28.756814807956577 266.55291555085324 -28.756800137991068 266.5529206701226 -28.756814807956577
266.5527871651278 -28.749740446428703 266.55278132289703 -28.749732200712028 266.5527871651278 -28.749740446428703
266.552785214056 -28.749404620609482 266.55277933323686 -28.74939652203411 266.552785214056 -28.749404620609482
266.55244042606313 -28.731251724545025 266.5524317228847 -28.731250409976695 266.55244042606313 -28.731251724545025
266.5522461748363 -28.72138479957387 266.5522433230511 -28.721392748166252 266.5522461748363 -28.72138479957387
266.5522053366744 -28.718666578127912 266.5521998637068 -28.71867216819692 266.5522053366744 -28.718666578127912
266.55300604008715 -28.7594222531525 266.5529913447393 -28.759399524911974 266.55300604008715 -28.7594222531525
266.55289696126437 -28.75406220210406 266.5528905253349 -28.754055051874882 266.55289696126437 -28.75406220210406
266.5528143071005 -28.749859098309216 266.55280901282674 -28.749850681968567 266.5528143071005 -28.749859098309216
266.5527065260334 -28.744240767304277 266.5526978466899 -28.744241253985614 266.5527065260334 -28.744240767304277
266.55252071711 -28.734911719700676 266.552514514961 -28.73491001357853 266.55252071711 -28.734911719700676
266.5524671441481 -28.731989397543522 266.5524609347794 -28.731990145559642 266.5524671441481 -28.731989397543522
266.552435019201 -28.729508407407145 266.55242891608816 -28.729510264231223 266.552435019201 -28.729508407407145
266.5522564382467 -28.72061691478872 266.5522486357233 -28.72062387614781 266.5522564382467 -28.72061691478872
266.5521292983522 -28.714028676493363 266.5521224221547 -28.714039106283185 266.5521292983522 -28.714028676493363
266.55300611046806 -28.758875109424242 266.5529974449537 -28.758860226269874 266.55300611046806 -28.758875109424242
266.55283738706083 -28.749568706994673 266.55283264432984 -28.749562192863998 266.55283738706083 -28.749568706994673
266.5527718410171 -28.74652093544345 266.55276588040186 -28.74651638613738 266.5527718410171 -28.74652093544345
266.55267403447647 -28.74192817206645 266.5526653946391 -28.741922877137547 266.55267403447647 -28.74192817206645
266.5526541350087 -28.740494399966437 266.55264359905084 -28.740481167160425 266.5526541350087 -28.740494399966437
266.55262924090437 -28.73941041772006 266.55262292834897 -28.739408156606373 266.55262924090437 -28.73941041772006
266.55263025983413 -28.73862576609568 266.5526239254917 -28.738623621303038 266.55263025983413 -28.73862576609568
266.55250114420187 -28.732215631841644 266.5524948088334 -28.732216036000864 266.55250114420187 -28.732215631841644
266.55237754658697 -28.725876400172922 266.55237018448315 -28.725881980967074 266.55237754658697 -28.725876400172922
266.55236732468717 -28.72522719224708 266.5523569359313 -28.72523459106891 266.55236732468717 -28.72522719224708
266.5521979061337 -28.71691244093228 266.5521923586755 -28.71692100092417 266.5521979061337 -28.71691244093228
266.55211743459984 -28.712094264937186 266.55210777702115 -28.712097744756598 266.55211743459984 -28.712094264937186
266.5530318059141 -28.759231221119336 266.55302106426694 -28.75921536794217 266.5530318059141 -28.759231221119336
266.55297258096505 -28.75644927096698 266.5529661669545 -28.75643484427987 266.55297258096505 -28.75644927096698
266.5529561827305 -28.75489824503307 266.5529452766025 -28.754881401844397 266.5529561827305 -28.75489824503307
266.55288708627074 -28.75169080323456 266.5528813997118 -28.75168255078819 266.55288708627074 -28.75169080323456
266.5527342472605 -28.743176688822704 266.55271382573204 -28.74317961621973 266.5527342472605 -28.743176688822704
266.5527083609365 -28.742565802525906 266.5526998693314 -28.742562585756893 266.5527083609365 -28.742565802525906
266.5526851883038 -28.74097546845976 266.5526782537708 -28.74097349335488 266.5526851883038 -28.74097546845976
266.55267036127736 -28.740326483885305 266.5526656098421 -28.74032294124682 266.55267036127736 -28.740326483885305
266.5526339031237 -28.738301485602534 266.5526277317446 -28.738299553775082 266.5526339031237 -28.738301485602534
266.5525639315896 -28.734603509378353 266.55255748191365 -28.734602475756787 266.5525639315896 -28.734603509378353
266.55241055071895 -28.726912510110505 266.5524043835183 -28.726915032364612 266.55241055071895 -28.726912510110505
266.5522529094708 -28.718212034139015 266.55224637994536 -28.718221174231786 266.5522529094708 -28.718212034139015
266.55217012975913 -28.714469379058293 266.5521656530569 -28.714475135452926 266.55217012975913 -28.714469379058293
266.5521853044524 -28.714301162268427 266.5521800762923 -28.714310783359338 266.5521853044524 -28.714301162268427
266.5529867975111 -28.755102295860816 266.55298092583416 -28.755086709856513 266.5529867975111 -28.755102295860816
266.5527083624467 -28.740788628432536 266.55270253171784 -28.74078658046853 266.5527083624467 -28.740788628432536
266.5526456185273 -28.738014927732237 266.5526387987227 -28.738013551638417 266.5526456185273 -28.738014927732237
266.55258937744253 -28.734520149370283 266.55259506030234 -28.73451608073631 266.55258937744253 -28.734520149370283
266.55256974465874 -28.7343097127451 266.55258240039257 -28.73429367150097 266.55256974465874 -28.7343097127451
266.55247986505447 -28.72887312058402 266.55247305514297 -28.728874058254544 266.55247986505447 -28.72887312058402
266.55245596128793 -28.72802390058177 266.55244996423374 -28.728026695043177 266.55245596128793 -28.72802390058177
266.5523954113598 -28.72486415356454 266.5523902502535 -28.724869558324613 266.5523954113598 -28.72486415356454
266.55231176379095 -28.72032455950807 266.55230373482306 -28.72033434118168 266.55231176379095 -28.72032455950807
266.5522901750915 -28.718815979026484 266.55228605245344 -28.718823887410974 266.5522901750915 -28.718815979026484
266.5521806986707 -28.713515605328862 266.5521737442642 -28.713526548645355 266.5521806986707 -28.713515605328862
266.5529106307481 -28.750820773515013 266.55291114142176 -28.750812893572494 266.5529106307481 -28.750820773515013
266.55283184722174 -28.74641767891271 266.5528298690739 -28.7464118054275 266.55283184722174 -28.74641767891271
266.55274182515825 -28.74173902954911 266.55273532131474 -28.741739556693126 266.55274182515825 -28.74173902954911
266.55265443444296 -28.737254042363077 266.55264662059227 -28.737253635791625 266.55265443444296 -28.737254042363077
266.55246888353673 -28.727433665535994 266.55245512774934 -28.727435610365042 266.55246888353673 -28.727433665535994
266.5523661297688 -28.722171614471673 266.5523598803278 -28.72217831523706 266.5523661297688 -28.722171614471673
266.5523509368169 -28.7208759866791 266.5523445208525 -28.720882849980214 266.5523509368169 -28.7208759866791
266.55218970826814 -28.713248571710484 266.55218450220485 -28.71325805747247 266.55218970826814 -28.713248571710484
266.55306735903156 -28.7580871544129 266.5530637872849 -28.75807098454656 266.55306735903156 -28.7580871544129
266.55305022654454 -28.75741168640769 266.55304355205885 -28.75739762343243 266.55305022654454 -28.75741168640769
266.5529906200018 -28.75355359245032 266.5529820042459 -28.75354754084235 266.5529906200018 -28.75355359245032
266.55297838448485 -28.753341373147066 266.5529720317664 -28.75333343240133 266.55297838448485 -28.753341373147066
266.5529575494163 -28.752575318220643 266.5529562922989 -28.75256452170324 266.5529575494163 -28.752575318220643
266.5528612646471 -28.746488523293714 266.5528524829366 -28.746481419530753 266.5528612646471 -28.746488523293714
266.55280285928103 -28.743588641124553 266.55279636921586 -28.743584092638415 266.55280285928103 -28.743588641124553
266.55263663000846 -28.735352579504248 266.5526301506632 -28.735352190040835 266.55263663000846 -28.735352579504248
266.55238073555904 -28.721594141066813 266.55237561682077 -28.721603469884723 266.55238073555904 -28.721594141066813
266.5522347758669 -28.714132071162197 266.55222876272086 -28.71414423849468 266.5522347758669 -28.714132071162197
266.5531623106286 -28.761481048720903 266.55315372735384 -28.761471194180395 266.5531623106286 -28.761481048720903
266.5530339354243 -28.75495376795578 266.5530205303449 -28.754935316324772 266.5530339354243 -28.75495376795578
266.5529765456249 -28.751942627648546 266.55297098965764 -28.751934357508162 266.5529765456249 -28.751942627648546
266.55296716379047 -28.751358500057663 266.55297019262645 -28.751354532735718 266.55296716379047 -28.751358500057663
266.55292944904505 -28.750205126982884 266.55294196695513 -28.750218056942135 266.55292944904505 -28.750205126982884
266.5528879081742 -28.747391426569173 266.552881448321 -28.747386033944156 266.5528879081742 -28.747391426569173
266.5527056052568 -28.73738847760395 266.55269936577855 -28.737387872075985 266.5527056052568 -28.73738847760395
266.55264726334207 -28.735121074742427 266.55264421594956 -28.73511965613269 266.55264726334207 -28.735121074742427
266.55250899441603 -28.7276254084036 266.5525055422686 -28.727629614636996 266.55250899441603 -28.7276254084036
266.5531692173544 -28.760616723282908 266.5531572863209 -28.76059677172698 266.5531692173544 -28.760616723282908
266.5530605245307 -28.755435189815305 266.5530531633216 -28.755436340719942 266.5530605245307 -28.755435189815305
266.5530108672301 -28.753198306004172 266.55300498880246 -28.753190169570956 266.5530108672301 -28.753198306004172
266.5528993666534 -28.746856573659713 266.55289298161955 -28.746851971870317 266.5528993666534 -28.746856573659713
266.552833340292 -28.74448964204676 266.552826730123 -28.7444881940581 266.552833340292 -28.74448964204676
266.5528227193756 -28.742857078303935 266.5528174958279 -28.742852887904892 266.5528227193756 -28.742857078303935
266.55280831797364 -28.742055162740726 266.55280772640185 -28.742058906776936 266.55280831797364 -28.742055162740726
266.55277913500674 -28.740409023570024 266.5527647630212 -28.74040822742892 266.55277913500674 -28.740409023570024
266.5527327333764 -28.737700877266114 266.55272545087735 -28.73769822293514 266.5527327333764 -28.737700877266114
266.5526504070842 -28.73364668987672 266.5526409310823 -28.73364859575826 266.5526504070842 -28.73364668987672
266.5526026541693 -28.73145520328172 266.5526069431128 -28.73145631613386 266.5526026541693 -28.73145520328172
266.5525715772011 -28.73019347430409 266.55256521485614 -28.730195069444957 266.5525715772011 -28.73019347430409
266.5525661393888 -28.72943495037089 266.55256055943977 -28.729438947699126 266.5525661393888 -28.72943495037089
266.5524586048956 -28.723888696512876 266.5524549975124 -28.723895293270484 266.5524586048956 -28.723888696512876
