catalogs/crowdsource_based_nircam-long_reference_astrometric_catalog.ecsv
# %ECSV 1.0
# ---
# datatype:
# - {name: skycoord_f410m.ra, unit: deg, datatype: float64}
# - {name: skycoord_f410m.dec, unit: deg, datatype: float64}
# - {name: skycoord_f405n.ra, unit: deg, datatype: float64}
# - {name: skycoord_f405n.dec, unit: deg, datatype: float64}
# - {name: RA, unit: deg, datatype: float64}
# - {name: DEC, unit: deg, datatype: float64}
# meta: !!omap
# - {410FILE: /blue/adamginsburg/adamginsburg/jwst/brick//F410M/f410m_nrca_unsatstar_bgsub_crowdsource_nsky0.fits}
# - {410FILT: f410m}
# - {212FILE: /blue/adamginsburg/adamginsburg/jwst/brick//F212N/f212n_nrca_unsatstar_bgsub_crowdsource_nsky0.fits}
# - {212FILT: f212n}
# - {466FILE: /blue/adamginsburg/adamginsburg/jwst/brick//F466N/f466n_nrca_unsatstar_bgsub_crowdsource_nsky0.fits}
# - {466FILT: f466n}
# - {405FILE: /blue/adamginsburg/adamginsburg/jwst/brick//F405N/f405n_nrca_unsatstar_bgsub_crowdsource_nsky0.fits}
# - {405FILT: f405n}
# - {187FILE: /blue/adamginsburg/adamginsburg/jwst/brick//F187N/f187n_nrca_unsatstar_bgsub_crowdsource_nsky0.fits}
# - {187FILT: f187n}
# - {182FILE: /blue/adamginsburg/adamginsburg/jwst/brick//F182M/f182m_nrca_unsatstar_bgsub_crowdsource_nsky0.fits}
# - {182FILT: f182m}
# - {VERSION: '2023-02-12T17:30:18.439562'}
# - {PARENT_VERSION: '2023-02-11T18:44:34.264380'}
# - __serialized_columns__:
#     skycoord_f405n:
#       __class__: astropy.coordinates.sky_coordinate.SkyCoord
#       dec: !astropy.table.SerializedColumn
#         __class__: astropy.coordinates.angles.Latitude
#         unit: &id001 !astropy.units.Unit {unit: deg}
#         value: !astropy.table.SerializedColumn {name: skycoord_f405n.dec}
#       frame: icrs
#       ra: !astropy.table.SerializedColumn
#         __class__: astropy.coordinates.angles.Longitude
#         unit: *id001
#         value: !astropy.table.SerializedColumn {name: skycoord_f405n.ra}
#         wrap_angle: !astropy.coordinates.Angle
#           unit: *id001
#           value: 360.0
#       representation_type: spherical
#     skycoord_f410m:
#       __class__: astropy.coordinates.sky_coordinate.SkyCoord
#       dec: !astropy.table.SerializedColumn
#         __class__: astropy.coordinates.angles.Latitude
#         unit: *id001
#         value: !astropy.table.SerializedColumn {name: skycoord_f410m.dec}
#       frame: icrs
#       ra: !astropy.table.SerializedColumn
#         __class__: astropy.coordinates.angles.Longitude
#         unit: *id001
#         value: !astropy.table.SerializedColumn {name: skycoord_f410m.ra}
#         wrap_angle: !astropy.coordinates.Angle
#           unit: *id001
#           value: 360.0
#       representation_type: spherical
# schema: astropy-2.0
skycoord_f410m.ra skycoord_f410m.dec skycoord_f405n.ra skycoord_f405n.dec RA DEC
[from data line 1966]
266.51642146778164 -28.724693974045824 266.5164298305398 -28.724699275945017 266.51642146778164 -28.724693974045824
266.51626779043875 -28.716580501807062 266.5162780258992 -28.716587792716364 266.51626779043875 -28.716580501807062
266.5171341400029 -28.761775452321825 266.517140695115 -28.761758467751996 266.5171341400029 -28.761775452321825
266.51709739522903 -28.759140535352405 266.5171033576708 -28.7591254818218 266.51709739522903 -28.759140535352405
266.5170235497113 -28.75546912381031 266.5170305235655 -28.755458061748882 266.5170235497113 -28.75546912381031
266.51696104030367 -28.752150477821832 266.5169684557863 -28.752141760655725 266.51696104030367 -28.752150477821832
266.5168572489889 -28.7464825555039 266.5168687728168 -28.746478167051375 266.5168572489889 -28.7464825555039
266.51664278412426 -28.734991259166986 266.51665009714503 -28.734989570111104 266.51664278412426 -28.734991259166986
266.5165767472479 -28.731989554195682 266.5165877810805 -28.73199153825316 266.5165767472479 -28.731989554195682
266.5165568488638 -28.730301237464168 266.5165631574788 -28.730300982058505 266.5165568488638 -28.730301237464168
266.5165458133423 -28.730031040523176 266.5165535119784 -28.730031437968766 266.5165458133423 -28.730031040523176
266.51651424250707 -28.72850117333491 266.51652229721554 -28.72850269759641 266.51651424250707 -28.72850117333491
266.5164601892121 -28.726049066845274 266.516473408155 -28.726058892096106 266.5164601892121 -28.726049066845274
266.5167833331899 -28.74128275091608 266.5167995130616 -28.741278979414215 266.5167833331899 -28.74128275091608
266.5165750814983 -28.730599725055495 266.516580036701 -28.730603848354274 266.5165750814983 -28.730599725055495
266.5165013957952 -28.726290081646447 266.51650560332126 -28.72629031153499 266.5165013957952 -28.726290081646447
266.51645402270935 -28.723824360604794 266.5164565047606 -28.72382395809709 266.51645402270935 -28.723824360604794
266.5164309890453 -28.723046863772364 266.5164398837834 -28.723053170705928 266.5164309890453 -28.723046863772364
266.51716883036596 -28.760946051174063 266.5171739627095 -28.76093091486541 266.51716883036596 -28.760946051174063
266.5170041664298 -28.752778941565563 266.51701298979225 -28.75277017026639 266.5170041664298 -28.752778941565563
266.5169914556562 -28.751710711775846 266.5170009421355 -28.75170238635555 266.5169914556562 -28.751710711775846
266.51686405040647 -28.745175824200853 266.51685553120694 -28.74517325525489 266.51686405040647 -28.745175824200853
266.5164776095122 -28.724826695231876 266.5164842653859 -28.724834038274313 266.5164776095122 -28.724826695231876
266.5163716188116 -28.71815849016393 266.516382333926 -28.718167325986407 266.5163716188116 -28.71815849016393
266.51713093434324 -28.75791027204424 266.5171373982819 -28.757895337777885 266.51713093434324 -28.75791027204424
266.5170767488498 -28.755009370430987 266.5170816400112 -28.754998720410406 266.5170767488498 -28.755009370430987
266.5169131341312 -28.74673309807618 266.51692142438503 -28.746725766930414 266.5169131341312 -28.74673309807618
266.5167436920622 -28.73732222057994 266.5167498349471 -28.73731805267339 266.5167436920622 -28.73732222057994
266.5167102592071 -28.736078135689954 266.5167178250935 -28.736077466430885 266.5167102592071 -28.736078135689954
266.51669687256395 -28.7345537866408 266.5167062877385 -28.73455168192813 266.51669687256395 -28.7345537866408
266.51663744709805 -28.73224714155524 266.5166459043223 -28.732247380894915 266.51663744709805 -28.73224714155524
266.51662922913215 -28.730876395734896 266.5166441193429 -28.730876900317533 266.51662922913215 -28.730876395734896
266.516583950674 -28.729352429531986 266.516591559727 -28.729353582894472 266.516583950674 -28.729352429531986
266.5165456221774 -28.726782300592124 266.516553503441 -28.72678317308386 266.5165456221774 -28.726782300592124
266.5164658063808 -28.723302977390343 266.5164794916519 -28.72329781701458 266.5164658063808 -28.723302977390343
266.51648043193694 -28.723220126583644 266.5164860809903 -28.72322413257057 266.51648043193694 -28.723220126583644
266.5164265815321 -28.721097830081078 266.5164353995469 -28.72110373423512 266.5164265815321 -28.721097830081078
266.5163326765665 -28.71504716963022 266.51633657573404 -28.715060955841206 266.5163326765665 -28.71504716963022
266.5162804898177 -28.71309729429065 266.51628856439464 -28.713107288611333 266.5162804898177 -28.71309729429065
266.5162808702646 -28.71271219245509 266.5162903475391 -28.71272255166537 266.5162808702646 -28.71271219245509
266.5170656811617 -28.753621883064042 266.5170868201442 -28.75361960590553 266.5170656811617 -28.753621883064042
266.51706136183327 -28.75302312812163 266.5170678563919 -28.753013518180843 266.51706136183327 -28.75302312812163
266.51691538388866 -28.745587629119118 266.5169217678231 -28.745581551881312 266.51691538388866 -28.745587629119118
266.51684883966095 -28.742024147794734 266.5168553986386 -28.742025911793977 266.51684883966095 -28.742024147794734
266.5167571084094 -28.736955457987797 266.51676245235734 -28.73694766801138 266.5167571084094 -28.736955457987797
266.5165906283 -28.728296036824545 266.51659962750267 -28.728298565809816 266.5165906283 -28.728296036824545
266.51657018228576 -28.727633532972742 266.5165781630292 -28.727634966365006 266.51657018228576 -28.727633532972742
266.5172411504874 -28.76199244438476 266.5172506232106 -28.761974648548886 266.5172411504874 -28.76199244438476
266.51682257223337 -28.739824174065742 266.5168304805212 -28.73982092530457 266.51682257223337 -28.739824174065742
266.5168146415846 -28.73952567632687 266.51682192518155 -28.739525052961234 266.5168146415846 -28.73952567632687
266.51680165383186 -28.738867111524456 266.51680893399873 -28.738864334104008 266.51680165383186 -28.738867111524456
266.5166414861002 -28.729978210996105 266.51664958396645 -28.72998352133393 266.5166414861002 -28.729978210996105
266.5165313109752 -28.72366808499801 266.5165410033285 -28.723675190281643 266.5165313109752 -28.72366808499801
266.51633599661864 -28.713234806714066 266.5163422239354 -28.713246196099963 266.51633599661864 -28.713234806714066
266.5172260364644 -28.76144836105811 266.5172512979504 -28.761443824346927 266.5172260364644 -28.76144836105811
266.5171801116149 -28.757158961073273 266.5171887884916 -28.757152581125865 266.5171801116149 -28.757158961073273
266.5169835599127 -28.747016082354943 266.5169911149842 -28.747009331997962 266.5169835599127 -28.747016082354943
266.51690427139323 -28.742797001781337 266.51690700961046 -28.742791195452927 266.51690427139323 -28.742797001781337
266.51659947929625 -28.72709873188631 266.51660724765065 -28.72710183912375 266.51659947929625 -28.72709873188631
266.516501072562 -28.721089302874777 266.51651003934836 -28.721097083102958 266.516501072562 -28.721089302874777
266.5164834790781 -28.72034295592114 266.51649160186184 -28.72035032602221 266.5164834790781 -28.72034295592114
266.5164284727973 -28.71726165168741 266.51643126302923 -28.717269047582793 266.5164284727973 -28.71726165168741
266.5164068538082 -28.71667193531135 266.5164154825163 -28.716680786753084 266.5164068538082 -28.71667193531135
266.5172531703829 -28.760569884421354 266.51725899405733 -28.760554073661403 266.5172531703829 -28.760569884421354
266.5172582886234 -28.760487622051595 266.51726539537395 -28.76047823703741 266.5172582886234 -28.760487622051595
266.51720180387787 -28.758902219946176 266.517199697739 -28.7589011957476 266.51720180387787 -28.758902219946176
266.51718183741013 -28.75667178775926 266.51718887530933 -28.75665678470076 266.51718183741013 -28.75667178775926
266.51705895841286 -28.75057192477385 266.517064601077 -28.750563167631604 266.51705895841286 -28.75057192477385
266.516951610767 -28.74397837413854 266.5169589766543 -28.743973349769764 266.516951610767 -28.74397837413854
266.51688496186915 -28.74077872240465 266.5168933250892 -28.740775039376977 266.51688496186915 -28.74077872240465
266.51686418089747 -28.739417407667226 266.5168722375649 -28.739414461826684 266.51686418089747 -28.739417407667226
266.51685931363767 -28.739045482844805 266.51686591200985 -28.73904697666528 266.51685931363767 -28.739045482844805
266.5168156675106 -28.736818578892326 266.5168235610752 -28.736817133296583 266.5168156675106 -28.736818578892326
266.51669134132516 -28.730554258625776 266.5166993275 -28.730555620032487 266.51669134132516 -28.730554258625776
266.516602442937 -28.7253687855592 266.51661077864395 -28.725373935021818 266.516602442937 -28.7253687855592
266.516453655188 -28.717623513793107 266.51646292121245 -28.717624535278794 266.516453655188 -28.717623513793107
266.5163931396481 -28.714600811359542 266.5164050272867 -28.714598050440056 266.5163931396481 -28.714600811359542
266.5172807665868 -28.761051161198278 266.51728721448865 -28.76103515967976 266.5172807665868 -28.761051161198278
266.5172092930946 -28.757629811046094 266.5172172664496 -28.75761430685657 266.5172092930946 -28.757629811046094
266.5169761188212 -28.744538953471437 266.516983751023 -28.744533464212843 266.5169761188212 -28.744538953471437
266.51694717939586 -28.74310838934188 266.51695471795654 -28.743104426973403 266.51694717939586 -28.74310838934188
266.5168900838069 -28.739987606343647 266.51689249578226 -28.739983526272788 266.5168900838069 -28.739987606343647
266.5167900461302 -28.73481995084794 266.5167976091739 -28.73481955857261 266.5167900461302 -28.73481995084794
266.5167118243919 -28.730436608158556 266.5167185722186 -28.73043440901478 266.5167118243919 -28.730436608158556
266.5166378375903 -28.72634682013003 266.51664081743775 -28.726346804635103 266.5166378375903 -28.72634682013003
266.51661462493496 -28.724965348554733 266.51662243071945 -28.724971596344282 266.51661462493496 -28.724965348554733
266.5166063024715 -28.72469025002378 266.51661375154487 -28.72469583487071 266.5166063024715 -28.72469025002378
266.5165085631842 -28.719206262679553 266.51652458723566 -28.71921351998018 266.5165085631842 -28.719206262679553
266.5164830381945 -28.71798381025394 266.51649179078396 -28.71799150754051 266.5164830381945 -28.71798381025394
266.5164731539972 -28.71731048145072 266.5164870959758 -28.71731837946047 266.5164731539972 -28.71731048145072
266.51643520140186 -28.715092888602605 266.51643690208715 -28.715110117444187 266.51643520140186 -28.715092888602605
266.51725059602495 -28.758228366611906 266.51726006592116 -28.75821463092768 266.51725059602495 -28.758228366611906
266.5171833337216 -28.754348764328356 266.51719262689295 -28.754334724088647 266.5171833337216 -28.754348764328356
266.51712855601465 -28.751399560291 266.51713217568204 -28.751390886652644 266.51712855601465 -28.751399560291
266.51711907100696 -28.75115220089823 266.51712600791507 -28.751143721834094 266.51711907100696 -28.75115220089823
266.51708000327375 -28.748437042862992 266.51707865437874 -28.74843399612166 266.51708000327375 -28.748437042862992
266.5167766811538 -28.733426715996714 266.5167900612258 -28.733427486055877 266.5167766811538 -28.733426715996714
266.5167806572968 -28.73306918799918 266.5167888907929 -28.733069775835613 266.5167806572968 -28.73306918799918
266.51670368495706 -28.729243678039612 266.5167129986583 -28.729244389814404 266.51670368495706 -28.729243678039612
266.5166542181152 -28.726864586530752 266.51666270187695 -28.72686663625899 266.5166542181152 -28.726864586530752
266.5165330382943 -28.719976621911588 266.5165407825688 -28.719984603842523 266.5165330382943 -28.719976621911588
266.5164486984451 -28.715543326070705 266.5164572795939 -28.715552113553038 266.5164486984451 -28.715543326070705
266.5164349187411 -28.714923512682645 266.5164363316964 -28.714926403535216 266.5164349187411 -28.714923512682645
266.5163929693933 -28.712552570693834 266.51640307880945 -28.71256353968502 266.5163929693933 -28.712552570693834
266.5172643094945 -28.75969391039034 266.517281471675 -28.759671349307556 266.5172643094945 -28.75969391039034
266.5172578462615 -28.757122113961923 266.5172631287661 -28.75710893252864 266.5172578462615 -28.757122113961923
266.5169400438103 -28.740277827026343 266.51695121721934 -28.74027362792672 266.5169400438103 -28.740277827026343
266.5169003315966 -28.7381564132957 266.5169099179699 -28.73814826922368 266.5169003315966 -28.7381564132957
266.5167789765054 -28.732230864269148 266.5167878885194 -28.73223176148659 266.5167789765054 -28.732230864269148
266.51677807769374 -28.731985922467977 266.5167825536565 -28.731987252662027 266.51677807769374 -28.731985922467977
266.51671838513437 -28.72816842919012 266.51672654607563 -28.728170040488905 266.51671838513437 -28.72816842919012
266.5166579526827 -28.72594128153273 266.51666683240796 -28.725945821723453 266.5166579526827 -28.72594128153273
266.51663175356674 -28.724046675226155 266.5166379420819 -28.724052056795095 266.51663175356674 -28.724046675226155
266.51660455415146 -28.72292424238205 266.51661138446684 -28.722931797198765 266.51660455415146 -28.72292424238205
266.51651234795247 -28.718328152289036 266.5165226829426 -28.718330567078684 266.51651234795247 -28.718328152289036
266.51646812894285 -28.71593037050071 266.51647727830016 -28.715937502169545 266.51646812894285 -28.71593037050071
266.5164406328809 -28.71393714206759 266.51645383964444 -28.713946451706498 266.5164406328809 -28.71393714206759
266.51701935935654 -28.74322247917464 266.5170262451058 -28.743218765228935 266.51701935935654 -28.74322247917464
266.5169659010087 -28.740795449107193 266.5169744746477 -28.740792485487543 266.5169659010087 -28.740795449107193
266.51687070578913 -28.7362555578557 266.5168789611459 -28.736257912159967 266.51687070578913 -28.7362555578557
266.516866309223 -28.735740418076453 266.5168817674879 -28.73574180145689 266.516866309223 -28.735740418076453
266.5168613676459 -28.735027382202325 266.516869692049 -28.735026285538858 266.5168613676459 -28.735027382202325
266.51673829350113 -28.728475262071555 266.5167467080105 -28.728476800963076 266.51673829350113 -28.728475262071555
266.5167211815011 -28.727653330089876 266.5167272848962 -28.727654476478875 266.5167211815011 -28.727653330089876
266.5165737531537 -28.720101825901832 266.5165787507205 -28.72010468497394 266.5165737531537 -28.720101825901832
266.51650555649627 -28.716155499713587 266.51651664664035 -28.716166208304273 266.51650555649627 -28.716155499713587
266.51642541796997 -28.712378043166353 266.5164301149506 -28.71238639395493 266.51642541796997 -28.712378043166353
266.5171810632652 -28.751266641104813 266.5171849409409 -28.75125848787443 266.5171810632652 -28.751266641104813
266.517116921839 -28.74796682171089 266.5171257134723 -28.747960850746058 266.517116921839 -28.74796682171089
266.51682828125024 -28.732327721760676 266.5168374672593 -28.73232808958019 266.51682828125024 -28.732327721760676
266.51679893603153 -28.7308199985384 266.5168030223862 -28.730825272456297 266.51679893603153 -28.7308199985384
266.5167303967989 -28.727450733230143 266.5167381783055 -28.727451276855138 266.5167303967989 -28.727450733230143
266.5165487349401 -28.71770466028798 266.5165590027951 -28.717712864216484 266.5165487349401 -28.71770466028798
266.51739916043186 -28.761367845629152 266.5174058526433 -28.76135168723209 266.51739916043186 -28.761367845629152
266.51738766653483 -28.761194333151238 266.51739386383974 -28.761176796296805 266.51738766653483 -28.761194333151238
266.51737400415084 -28.760960871889367 266.51738178433345 -28.760944962917435 266.51737400415084 -28.760960871889367
266.51729876233736 -28.757373332488623 266.51730039907824 -28.757372676577027 266.51729876233736 -28.757373332488623
266.5172904413141 -28.75564655593289 266.517299504083 -28.755634890362842 266.5172904413141 -28.75564655593289
266.5172480515919 -28.753974292339574 266.51725488880516 -28.753966079145343 266.5172480515919 -28.753974292339574
266.5169419298355 -28.736898933741486 266.5169496189921 -28.736897826648015 266.5169419298355 -28.736898933741486
