catalogs/crowdsource_based_nircam-long_reference_astrometric_catalog.ecsv
# %ECSV 1.0
# ---
# datatype:
# - {name: skycoord_f410m.ra, unit: deg, datatype: float64}
# - {name: skycoord_f410m.dec, unit: deg, datatype: float64}
# - {name: skycoord_f405n.ra, unit: deg, datatype: float64}
# - {name: skycoord_f405n.dec, unit: deg, datatype: float64}
# - {name: RA, unit: deg, datatype: float64}
# - {name: DEC, unit: deg, datatype: float64}
# meta: !!omap
# - {410FILE: /blue/adamginsburg/adamginsburg/jwst/brick//F410M/f410m_nrca_unsatstar_bgsub_crowdsource_nsky0.fits}
# - {410FILT: f410m}
# - {212FILE: /blue/adamginsburg/adamginsburg/jwst/brick//F212N/f212n_nrca_unsatstar_bgsub_crowdsource_nsky0.fits}
# - {212FILT: f212n}
# - {466FILE: /blue/adamginsburg/adamginsburg/jwst/brick//F466N/f466n_nrca_unsatstar_bgsub_crowdsource_nsky0.fits}
# - {466FILT: f466n}
# - {405FILE: /blue/adamginsburg/adamginsburg/jwst/brick//F405N/f405n_nrca_unsatstar_bgsub_crowdsource_nsky0.fits}
# - {405FILT: f405n}
# - {187FILE: /blue/adamginsburg/adamginsburg/jwst/brick//F187N/f187n_nrca_unsatstar_bgsub_crowdsource_nsky0.fits}
# - {187FILT: f187n}
# - {182FILE: /blue/adamginsburg/adamginsburg/jwst/brick//F182M/f182m_nrca_unsatstar_bgsub_crowdsource_nsky0.fits}
# - {182FILT: f182m}
# - {VERSION: '2023-02-12T11:17:37.298997'}
# - {PARENT_VERSION: '2023-02-11T18:44:34.264380'}
# - __serialized_columns__:
#     skycoord_f405n:
#       __class__: astropy.coordinates.sky_coordinate.SkyCoord
#       dec: !astropy.table.SerializedColumn
#         __class__: astropy.coordinates.angles.Latitude
#         unit: &id001 !astropy.units.Unit {unit: deg}
#         value: !astropy.table.SerializedColumn {name: skycoord_f405n.dec}
#       frame: icrs
#       ra: !astropy.table.SerializedColumn
#         __class__: astropy.coordinates.angles.Longitude
#         unit: *id001
#         value: !astropy.table.SerializedColumn {name: skycoord_f405n.ra}
#         wrap_angle: !astropy.coordinates.Angle
#           unit: *id001
#           value: 360.0
#       representation_type: spherical
#     skycoord_f410m:
#       __class__: astropy.coordinates.sky_coordinate.SkyCoord
#       dec: !astropy.table.SerializedColumn
#         __class__: astropy.coordinates.angles.Latitude
#         unit: *id001
#         value: !astropy.table.SerializedColumn {name: skycoord_f410m.dec}
#       frame: icrs
#       ra: !astropy.table.SerializedColumn
#         __class__: astropy.coordinates.angles.Longitude
#         unit: *id001
#         value: !astropy.table.SerializedColumn {name: skycoord_f410m.ra}
#         wrap_angle: !astropy.coordinates.Angle
#           unit: *id001
#           value: 360.0
#       representation_type: spherical
# schema: astropy-2.0
skycoord_f410m.ra skycoord_f410m.dec skycoord_f405n.ra skycoord_f405n.dec RA DEC
[from data line 3933]
266.53956822806896 -28.74391921839743 266.5395671855353 -28.743910704335637 266.53956822806896 -28.74391921839743
266.53952558243975 -28.741724540194628 266.53952381614533 -28.741720765304635 266.53952558243975 -28.741724540194628
266.53990525366083 -28.761097167105802 266.53990339402634 -28.761080825008104 266.53990525366083 -28.761097167105802
266.5394340797423 -28.73567272497352 266.5394321549141 -28.735671801531687 266.5394340797423 -28.73567272497352
266.539661548289 -28.746646673661587 266.5396584093983 -28.746643967610776 266.539661548289 -28.746646673661587
266.53948608289 -28.737934612205944 266.53948410723495 -28.73793307743153 266.53948608289 -28.737934612205944
266.5391120476309 -28.717399230662718 266.5391144136792 -28.717407666414367 266.5391120476309 -28.717399230662718
266.53940016358257 -28.731913183736637 266.53939849070144 -28.731913348062154 266.53940016358257 -28.731913183736637
266.53985094038393 -28.754893754602595 266.53984839989835 -28.75489264744988 266.53985094038393 -28.754893754602595
266.5398244742836 -28.753371422092528 266.5398228310499 -28.753363424094584 266.5398244742836 -28.753371422092528
266.53954633346484 -28.738903389911812 266.53954499822333 -28.738901520494256 266.53954633346484 -28.738903389911812
266.5395114986906 -28.737201248835625 266.5395102008085 -28.73719947149528 266.5395114986906 -28.737201248835625
266.5391752501139 -28.71943250810308 266.53917481956046 -28.719441659483287 266.5391752501139 -28.71943250810308
266.5398789513768 -28.755083819554645 266.5398777849892 -28.75506928798177 266.5398789513768 -28.755083819554645
266.5396570529979 -28.742866755742625 266.5396573256111 -28.742862718271482 266.5396570529979 -28.742866755742625
266.5391420169836 -28.715791079757217 266.5391415357862 -28.7157995334485 266.5391420169836 -28.715791079757217
266.5395627098168 -28.73770912977192 266.53956124096163 -28.73770729977929 266.5395627098168 -28.73770912977192
266.54003357078045 -28.760939021568493 266.54003074235044 -28.760922264068046 266.54003357078045 -28.760939021568493
266.53996262698826 -28.757408571589828 266.5399605787692 -28.757393942244562 266.53996262698826 -28.757408571589828
266.540081869803 -28.76130678431937 266.5400795018435 -28.76128762177865 266.540081869803 -28.76130678431937
266.5398736164274 -28.751030869272018 266.5398703683786 -28.751025265592396 266.5398736164274 -28.751030869272018
266.53981552938836 -28.748038563018127 266.53981389935564 -28.748030823252883 266.53981552938836 -28.748038563018127
266.53965786516164 -28.738945315539194 266.5396574259141 -28.738943309990116 266.53965786516164 -28.738945315539194
266.5396629083107 -28.73821833936685 266.5396614238779 -28.73821633682751 266.5396629083107 -28.73821833936685
266.5401250803146 -28.761497310705266 266.5401240243843 -28.761477287239188 266.5401250803146 -28.761497310705266
266.53967801322216 -28.73775830771554 266.539677013291 -28.737757025760082 266.53967801322216 -28.73775830771554
266.5400839643581 -28.758575464619035 266.540081394354 -28.758560334622505 266.5400839643581 -28.758575464619035
266.53990753566865 -28.749558735301573 266.5399054398892 -28.74955172619621 266.53990753566865 -28.749558735301573
266.5395229427351 -28.72853735406177 266.5395224620013 -28.728538883695112 266.5395229427351 -28.72853735406177
266.54005721222677 -28.75574599466681 266.54005565712987 -28.755731695791876 266.54005721222677 -28.75574599466681
266.53997523424835 -28.751264015265935 266.53997282839407 -28.751256205154203 266.53997523424835 -28.751264015265935
266.53972668333773 -28.737514457847514 266.53972503814435 -28.73751307704984 266.53972668333773 -28.737514457847514
266.5396194233447 -28.732092761171796 266.53961762976843 -28.732093265591125 266.5396194233447 -28.732092761171796
266.53952266271097 -28.72683310312571 266.53952174488774 -28.726835684403003 266.53952266271097 -28.72683310312571
266.53935137328983 -28.7182060654898 266.539350609851 -28.718214828855626 266.53935137328983 -28.7182060654898
266.5400390086509 -28.752489610611157 266.5400386380391 -28.752491408179438 266.5400390086509 -28.752489610611157
266.53983062489385 -28.742134377068624 266.5398292449021 -28.742131022162962 266.53983062489385 -28.742134377068624
266.53971846600257 -28.735491118266783 266.5397171355099 -28.735490626460376 266.53971846600257 -28.735491118266783
266.5394910740508 -28.72273951381772 266.5394902278367 -28.722746673003435 266.5394910740508 -28.72273951381772
266.53936461301146 -28.716801225163 266.5393636634726 -28.71680910528611 266.53936461301146 -28.716801225163
266.54012156788684 -28.754793421989458 266.5401191093861 -28.75478252238007 266.54012156788684 -28.754793421989458
266.539979580497 -28.748089561837286 266.5399776767242 -28.748083922987018 266.539979580497 -28.748089561837286
266.53983942644 -28.740845846180427 266.5398372920501 -28.74084492602089 266.53983942644 -28.740845846180427
266.53971738998877 -28.734116937502314 266.5397169035963 -28.734116994714736 266.53971738998877 -28.734116937502314
266.5397618417469 -28.73515614482345 266.5397613440312 -28.735158082865283 266.5397618417469 -28.73515614482345
266.53991199248867 -28.741876503658965 266.53991045780197 -28.741873219162375 266.53991199248867 -28.741876503658965
266.5398404292803 -28.738244646766717 266.5398392203195 -28.73824264645261 266.5398404292803 -28.738244646766717
266.53983023044367 -28.737990047986614 266.5398288852265 -28.737988316361463 266.53983023044367 -28.737990047986614
266.54011404604626 -28.751376122126235 266.540112173946 -28.751368657540866 266.54011404604626 -28.751376122126235
266.5401192622143 -28.7507562989957 266.54011730020454 -28.75074878025856 266.5401192622143 -28.7507562989957
266.5401596968858 -28.751705626439154 266.5401575926114 -28.751697632578413 266.5401596968858 -28.751705626439154
266.54001829216804 -28.744878135040402 266.5400163186745 -28.744874248434 266.54001829216804 -28.744878135040402
266.53995974183994 -28.74102652407262 266.5399588626849 -28.74102742012452 266.53995974183994 -28.74102652407262
266.539687008694 -28.726659022355122 266.53968663389463 -28.72666195508466 266.539687008694 -28.726659022355122
266.5396747620396 -28.72597514703826 266.5396742115596 -28.72598288321779 266.5396747620396 -28.72597514703826
266.53964124037327 -28.724900058144325 266.53964021414095 -28.724906184610347 266.53964124037327 -28.724900058144325
266.5395139412534 -28.71835893343815 266.53951333304855 -28.7183679640896 266.5395139412534 -28.71835893343815
266.54032308687937 -28.759138965514108 266.5403186572451 -28.759138394464596 266.54032308687937 -28.759138965514108
266.53960817824833 -28.721580775340147 266.5396060878906 -28.72158909042861 266.53960817824833 -28.721580775340147
266.5395064569195 -28.7164620144289 266.5395071249479 -28.71647037893871 266.5395064569195 -28.7164620144289
266.5400424173498 -28.74330310562591 266.5400407130678 -28.74329987177496 266.5400424173498 -28.74330310562591
266.5398176993537 -28.73188166710573 266.5398163496436 -28.73188228093918 266.5398176993537 -28.73188166710573
266.54037499318633 -28.760590091269915 266.54037203937264 -28.760573764825335 266.54037499318633 -28.760590091269915
266.54014859004525 -28.74793234563472 266.5401476598684 -28.74792644666071 266.54014859004525 -28.74793234563472
266.53997894303 -28.739161694400416 266.53997733846654 -28.739159366769474 266.53997894303 -28.739161694400416
266.54027066822107 -28.753554750550286 266.54026953716306 -28.753546756528216 266.54027066822107 -28.753554750550286
266.5401873629624 -28.748779549405103 266.5401857007675 -28.748770336588578 266.5401873629624 -28.748779549405103
266.53961459584445 -28.71950099745706 266.5396128083613 -28.7195089079729 266.53961459584445 -28.71950099745706
266.54037127666396 -28.758040271145987 266.5403702656962 -28.758025100074917 266.54037127666396 -28.758040271145987
266.54004676317066 -28.740718868253673 266.54004527354493 -28.740716739221675 266.54004676317066 -28.740718868253673
266.5403827874955 -28.757862045677395 266.54038083891396 -28.757847696140562 266.5403827874955 -28.757862045677395
266.5396318534808 -28.717039831636033 266.5396310138544 -28.71704459249226 266.5396318534808 -28.717039831636033
266.5404117774476 -28.758120247192 266.5404131955278 -28.75810517117137 266.5404117774476 -28.758120247192
266.54035602049896 -28.754794702559717 266.5403532376323 -28.754784509855355 266.54035602049896 -28.754794702559717
266.54028798151666 -28.751977221020436 266.54028779705806 -28.751967048778532 266.54028798151666 -28.751977221020436
266.5400279356447 -28.737456202379327 266.54002650092485 -28.73745489863419 266.5400279356447 -28.737456202379327
266.5400649956791 -28.738759868758706 266.5400636993888 -28.738757573616855 266.5400649956791 -28.738759868758706
266.5401489964065 -28.741825621949054 266.54014721346505 -28.74182131234242 266.5401489964065 -28.741825621949054
266.5405304292081 -28.760587417271587 266.5405281370317 -28.760570874303045 266.5405304292081 -28.760587417271587
266.5405330718702 -28.760140798811193 266.54053124049483 -28.760124988119657 266.5405330718702 -28.760140798811193
266.5396346628231 -28.712605261650783 266.5396311307581 -28.712616857310213 266.5396346628231 -28.712605261650783
266.5404246890316 -28.7538223274757 266.54042279005154 -28.753814082792797 266.5404246890316 -28.7538223274757
266.5399195324507 -28.72672810269801 266.53991927468957 -28.72672962720998 266.5399195324507 -28.72672810269801
266.5397350874685 -28.71735799113723 266.53973427739095 -28.71736645704207 266.5397350874685 -28.71735799113723
266.54047170158265 -28.754912239331563 266.5404685377428 -28.754900618458 266.54047170158265 -28.754912239331563
266.54046138523313 -28.754703891957647 266.5404588955761 -28.754693352300208 266.54046138523313 -28.754703891957647
266.5403690944312 -28.748434266017004 266.5403691877636 -28.74842728946053 266.5403690944312 -28.748434266017004
266.5399751754664 -28.727862218503297 266.53997337539045 -28.727864043047507 266.5399751754664 -28.727862218503297
266.5404523955101 -28.752059383059006 266.54045098560084 -28.752052108039248 266.5404523955101 -28.752059383059006
266.53998125654465 -28.727057640517845 266.5399839719253 -28.72706055677205 266.53998125654465 -28.727057640517845
266.5406019852045 -28.758044204693743 266.54060028233283 -28.758044538628226 266.5406019852045 -28.758044204693743
266.5405009636162 -28.753388390654273 266.5404990060654 -28.753380001319947 266.5405009636162 -28.753388390654273
266.5402445992121 -28.73914518077746 266.54024265943286 -28.73914380787527 266.5402445992121 -28.73914518077746
266.5397577577422 -28.712689202623196 266.53975709241394 -28.712699462755733 266.5397577577422 -28.712689202623196
266.5404887222357 -28.75014547402103 266.54048722709416 -28.75013861452047 266.5404887222357 -28.75014547402103
266.54042998953673 -28.747103323730403 266.5404280968945 -28.747097637368082 266.54042998953673 -28.747103323730403
266.5405651820139 -28.75376538856194 266.5405632053194 -28.753756425763836 266.5405651820139 -28.75376538856194
266.5403793402684 -28.743697476380206 266.54037794882606 -28.743693250502258 266.5403793402684 -28.743697476380206
266.54001914500003 -28.724215988176955 266.54001851375267 -28.72422233065589 266.54001914500003 -28.724215988176955
266.53984021266393 -28.715621586220546 266.53984005672777 -28.715629786445632 266.53984021266393 -28.715621586220546
266.53983951514056 -28.715187697240392 266.53984022280025 -28.715196573859536 266.53983951514056 -28.715187697240392
266.53982110620206 -28.712830616228725 266.5398191485059 -28.712842781902207 266.53982110620206 -28.712830616228725
266.5406642140137 -28.756649211340836 266.5406607498981 -28.756634921294662 266.5406642140137 -28.756649211340836
266.54058616230054 -28.752166452938358 266.5405831754966 -28.752160316911013 266.54058616230054 -28.752166452938358
266.54034777536305 -28.739923901054325 266.5403461825059 -28.739921097048494 266.54034777536305 -28.739923901054325
266.53987993943525 -28.715324451499924 266.5398789724738 -28.71533464734826 266.53987993943525 -28.715324451499924
266.54059687367 -28.751947474370063 266.54059334130443 -28.751938082998638 266.54059687367 -28.751947474370063
266.5401968738362 -28.731141454257337 266.54019471063003 -28.731142251976447 266.5401968738362 -28.731141454257337
266.5399705900299 -28.71929881991146 266.53996951628386 -28.719305728988516 266.5399705900299 -28.71929881991146
266.5406603323448 -28.753833972212234 266.54065810462293 -28.75382663776236 266.5406603323448 -28.753833972212234
266.5400369126384 -28.72165732950661 266.54003575273754 -28.7216638485319 266.5400369126384 -28.72165732950661
266.5398828755682 -28.71296049304451 266.5398815666074 -28.71296931743739 266.5398828755682 -28.71296049304451
266.5399468458511 -28.715535835660404 266.53994459415514 -28.71554344255386 266.5399468458511 -28.715535835660404
266.5406264374385 -28.7502288615496 266.5406258940138 -28.75022172907887 266.5406264374385 -28.7502288615496
266.54049284649403 -28.742859471484326 266.5404904223188 -28.742855644466072 266.54049284649403 -28.742859471484326
266.5408034160883 -28.759069624529673 266.5408003597564 -28.759052088883617 266.5408034160883 -28.759069624529673
266.54071301237 -28.753714287190657 266.540711244408 -28.75370574479066 266.54071301237 -28.753714287190657
266.5403671673359 -28.735395582245648 266.5403657176942 -28.735395464203105 266.5403671673359 -28.735395582245648
266.5407950383611 -28.75692112885986 266.5407917945221 -28.756906904948515 266.5407950383611 -28.75692112885986
266.54029869447766 -28.731318147099543 266.54029645111206 -28.7313193602275 266.54029869447766 -28.731318147099543
266.54027842836297 -28.72990115602034 266.5402767576471 -28.729902457616326 266.54027842836297 -28.72990115602034
266.54012871019864 -28.721838065883762 266.5401266699468 -28.72184494686748 266.54012871019864 -28.721838065883762
266.54018872298707 -28.724076208891198 266.54019039824743 -28.72408249361234 266.54018872298707 -28.724076208891198
266.5408251040578 -28.756739568281564 266.540822224582 -28.75672541134003 266.5408251040578 -28.756739568281564
266.54010679288507 -28.71906114121842 266.54010472293305 -28.719066025563198 266.54010679288507 -28.71906114121842
266.5400109039019 -28.712841447584793 266.54000695090537 -28.712850610261587 266.5400109039019 -28.712841447584793
266.5405397354176 -28.73937978518064 266.54053780911454 -28.739377567969562 266.5405397354176 -28.73937978518064
266.540525623593 -28.739136432234208 266.54052676016573 -28.739148470810374 266.540525623593 -28.739136432234208
266.54036929643377 -28.73090323901025 266.5403668607923 -28.730903998403846 266.54036929643377 -28.73090323901025
266.54008202066063 -28.715225719492587 266.5400747017374 -28.71523692994165 266.54008202066063 -28.715225719492587
266.540638481888 -28.744027641587824 266.5406350799767 -28.744023098739007 266.540638481888 -28.744027641587824
266.54038393815296 -28.730731399843105 266.54038240692205 -28.730731940948452 266.54038393815296 -28.730731399843105
266.54018931429516 -28.71960347688323 266.5401888222705 -28.719611545830215 266.54018931429516 -28.71960347688323
266.54081615098977 -28.75095279820522 266.5408136637052 -28.75094515562732 266.54081615098977 -28.75095279820522
266.5406739500555 -28.743622986263382 266.5406719043364 -28.743619520695333 266.5406739500555 -28.743622986263382
266.54036756086174 -28.727652976067873 266.5403654374716 -28.727654997186352 266.54036756086174 -28.727652976067873
266.54025774800175 -28.72189166512752 266.54025654659455 -28.721898870898077 266.54025774800175 -28.72189166512752
266.54008921858605 -28.712898846236566 266.54008810708217 -28.71291159886187 266.54008921858605 -28.712898846236566
266.5407719447188 -28.746556525421166 266.54077054141743 -28.746557221766846 266.5407719447188 -28.746556525421166
