catalogs/crowdsource_based_nircam-long_reference_astrometric_catalog.ecsv
# %ECSV 1.0
# ---
# datatype:
# - {name: skycoord_f410m.ra, unit: deg, datatype: float64}
# - {name: skycoord_f410m.dec, unit: deg, datatype: float64}
# - {name: skycoord_f405n.ra, unit: deg, datatype: float64}
# - {name: skycoord_f405n.dec, unit: deg, datatype: float64}
# - {name: RA, unit: deg, datatype: float64}
# - {name: DEC, unit: deg, datatype: float64}
# meta: !!omap
# - {410FILE: /blue/adamginsburg/adamginsburg/jwst/brick//F410M/f410m_nrca_unsatstar_bgsub_crowdsource_nsky0.fits}
# - {410FILT: f410m}
# - {212FILE: /blue/adamginsburg/adamginsburg/jwst/brick//F212N/f212n_nrca_unsatstar_bgsub_crowdsource_nsky0.fits}
# - {212FILT: f212n}
# - {466FILE: /blue/adamginsburg/adamginsburg/jwst/brick//F466N/f466n_nrca_unsatstar_bgsub_crowdsource_nsky0.fits}
# - {466FILT: f466n}
# - {405FILE: /blue/adamginsburg/adamginsburg/jwst/brick//F405N/f405n_nrca_unsatstar_bgsub_crowdsource_nsky0.fits}
# - {405FILT: f405n}
# - {187FILE: /blue/adamginsburg/adamginsburg/jwst/brick//F187N/f187n_nrca_unsatstar_bgsub_crowdsource_nsky0.fits}
# - {187FILT: f187n}
# - {182FILE: /blue/adamginsburg/adamginsburg/jwst/brick//F182M/f182m_nrca_unsatstar_bgsub_crowdsource_nsky0.fits}
# - {182FILT: f182m}
# - {VERSION: '2023-02-12T11:17:37.298997'}
# - {PARENT_VERSION: '2023-02-11T18:44:34.264380'}
# - __serialized_columns__:
#     skycoord_f405n:
#       __class__: astropy.coordinates.sky_coordinate.SkyCoord
#       dec: !astropy.table.SerializedColumn
#         __class__: astropy.coordinates.angles.Latitude
#         unit: &id001 !astropy.units.Unit {unit: deg}
#         value: !astropy.table.SerializedColumn {name: skycoord_f405n.dec}
#       frame: icrs
#       ra: !astropy.table.SerializedColumn
#         __class__: astropy.coordinates.angles.Longitude
#         unit: *id001
#         value: !astropy.table.SerializedColumn {name: skycoord_f405n.ra}
#         wrap_angle: !astropy.coordinates.Angle
#           unit: *id001
#           value: 360.0
#       representation_type: spherical
#     skycoord_f410m:
#       __class__: astropy.coordinates.sky_coordinate.SkyCoord
#       dec: !astropy.table.SerializedColumn
#         __class__: astropy.coordinates.angles.Latitude
#         unit: *id001
#         value: !astropy.table.SerializedColumn {name: skycoord_f410m.dec}
#       frame: icrs
#       ra: !astropy.table.SerializedColumn
#         __class__: astropy.coordinates.angles.Longitude
#         unit: *id001
#         value: !astropy.table.SerializedColumn {name: skycoord_f410m.ra}
#         wrap_angle: !astropy.coordinates.Angle
#           unit: *id001
#           value: 360.0
#       representation_type: spherical
# schema: astropy-2.0
skycoord_f410m.ra skycoord_f410m.dec skycoord_f405n.ra skycoord_f405n.dec RA DEC
[from data line 4635]
266.5446178199566 -28.732654761095723 266.54461476847894 -28.73265922264396 266.5446178199566 -28.732654761095723
266.54450612702016 -28.725884582028108 266.54450311563704 -28.725889523189156 266.54450612702016 -28.725884582028108
266.5452067674332 -28.761259665274206 266.54519348682845 -28.761256017607504 266.5452067674332 -28.761259665274206
266.5449381257977 -28.747173129004697 266.5449350938246 -28.74716827197358 266.5449381257977 -28.747173129004697
266.5449595056529 -28.74735314992805 266.5449565949737 -28.747348174965207 266.5449595056529 -28.74735314992805
266.5446491411807 -28.730980623452776 266.5446464952001 -28.730981660231564 266.5446491411807 -28.730980623452776
266.5444485276413 -28.720555244472287 266.54444562057427 -28.720563117258497 266.5444485276413 -28.720555244472287
266.54434548484784 -28.715592770766445 266.54434231196797 -28.71560211738647 266.54434548484784 -28.715592770766445
266.544934367041 -28.74453213631029 266.54493105357886 -28.744527322031338 266.544934367041 -28.74453213631029
266.544750848051 -28.735060144170415 266.54474767447755 -28.735059017519074 266.544750848051 -28.735060144170415
266.5445496091233 -28.72342999672464 266.5445466757196 -28.72343662513971 266.5445496091233 -28.72342999672464
266.5451465232299 -28.754230219915296 266.54514204108517 -28.754221221289136 266.5451465232299 -28.754230219915296
266.54505938814833 -28.749454116435874 266.54505673045895 -28.74944549166715 266.54505938814833 -28.749454116435874
266.54523307746626 -28.758050842178488 266.5452282368523 -28.75803650094118 266.54523307746626 -28.758050842178488
266.54494988863627 -28.742530897993497 266.5449469261392 -28.742527488375526 266.54494988863627 -28.742530897993497
266.5447302673752 -28.731574981880392 266.5447259681291 -28.731576399153457 266.5447302673752 -28.731574981880392
266.54522060423926 -28.75560394694104 266.54521533517226 -28.75559104051022 266.54522060423926 -28.75560394694104
266.54481706012217 -28.73527226067077 266.5448147633303 -28.735271063513792 266.54481706012217 -28.73527226067077
266.54475434989524 -28.73147481304493 266.5447508048213 -28.73147542363861 266.54475434989524 -28.73147481304493
266.54463647778937 -28.725504851698076 266.54463334375055 -28.725510401739726 266.54463647778937 -28.725504851698076
266.5445526195728 -28.720494444388503 266.5445496806539 -28.720502487820085 266.5445526195728 -28.720494444388503
266.5452940341426 -28.758649927993556 266.5452919399723 -28.75863282254148 266.5452940341426 -28.758649927993556
266.544709005694 -28.7283126664957 266.54470334965947 -28.728308721627016 266.544709005694 -28.7283126664957
266.5445002532304 -28.71705356266092 266.5444979158198 -28.717061845777796 266.5445002532304 -28.71705356266092
266.5450903668699 -28.747032855079812 266.5450876036382 -28.747026973409337 266.5450903668699 -28.747032855079812
266.5446575927421 -28.724243392557803 266.54465427296844 -28.72424993207914 266.5446575927421 -28.724243392557803
266.5446329674991 -28.72326430193542 266.5446267695091 -28.723270088882476 266.5446329674991 -28.72326430193542
266.5450597537804 -28.744268984568507 266.5450561818156 -28.744264253401386 266.5450597537804 -28.744268984568507
266.5447645139802 -28.72854458629083 266.5447607832253 -28.728546299430203 266.5447645139802 -28.72854458629083
266.545350242484 -28.7584352821315 266.54534564552495 -28.758420150849805 266.545350242484 -28.7584352821315
266.54515038155387 -28.74722526507384 266.54514710936377 -28.747220249772397 266.54515038155387 -28.74722526507384
266.5446237922105 -28.71924820803512 266.5446214024268 -28.719253042403498 266.5446237922105 -28.71924820803512
266.545368349108 -28.757444361291643 266.5453642778192 -28.75743037919682 266.545368349108 -28.757444361291643
266.5451843948907 -28.747585523122293 266.5451817378667 -28.74758030547876 266.5451843948907 -28.747585523122293
266.54476167135556 -28.7255730224675 266.5447588997488 -28.725578188131678 266.54476167135556 -28.7255730224675
266.5452084311618 -28.748644776075924 266.54520465641735 -28.74863733888073 266.5452084311618 -28.748644776075924
266.5451434669907 -28.744342343648928 266.5451398566264 -28.74433819079029 266.5451434669907 -28.744342343648928
266.5447839502007 -28.72579368610224 266.54478084168494 -28.725799612489585 266.5447839502007 -28.72579368610224
266.54548014593854 -28.76111108771571 266.5454756149905 -28.761094753279334 266.54548014593854 -28.76111108771571
266.54492884434546 -28.732861093701224 266.5449252116066 -28.73286106167723 266.54492884434546 -28.732861093701224
266.5453194920537 -28.751482869362878 266.5453180958886 -28.751475793233176 266.5453194920537 -28.751482869362878
266.5452174060754 -28.746582486635226 266.54521297058596 -28.746578902064968 266.5452174060754 -28.746582486635226
266.54513790681386 -28.74184450484461 266.5451339092932 -28.741847117341642 266.54513790681386 -28.74184450484461
266.5450254978486 -28.73669971816328 266.54502227816033 -28.736703292944206 266.5450254978486 -28.73669971816328
266.54486779391755 -28.728475103953855 266.5448643887268 -28.72847675731589 266.54486779391755 -28.728475103953855
266.54465266963336 -28.716581807245678 266.54464975286515 -28.71659043386245 266.54465266963336 -28.716581807245678
266.545215107458 -28.744954136831307 266.54521178838127 -28.744949210273298 266.545215107458 -28.744954136831307
266.54501904254295 -28.734913733036013 266.54501585148364 -28.734913003901585 266.54501904254295 -28.734913733036013
266.544730210517 -28.72011147414237 266.5447269151114 -28.720119875934582 266.544730210517 -28.72011147414237
266.54552850990024 -28.76092983952466 266.5455237381474 -28.76091347133111 266.54552850990024 -28.76092983952466
266.5452847059085 -28.747463156652636 266.54528194687015 -28.747458408748486 266.5452847059085 -28.747463156652636
266.5451258630833 -28.739323904057244 266.5451230076281 -28.73932231103621 266.5451258630833 -28.739323904057244
266.54551218380055 -28.759194816377665 266.54550778740213 -28.759179113072523 266.54551218380055 -28.759194816377665
266.54537839666943 -28.751899758595467 266.5453725173163 -28.751891562726943 266.54537839666943 -28.751899758595467
266.5450273135561 -28.733253256954946 266.5450238721347 -28.733253652921203 266.5450273135561 -28.733253256954946
266.54497727772593 -28.730125681245084 266.544977644711 -28.73012865793471 266.54497727772593 -28.730125681245084
266.5449396396501 -28.728243407289916 266.54493806909704 -28.728246786004043 266.5449396396501 -28.728243407289916
266.5452551505743 -28.744598073080343 266.5452511956507 -28.74459406235702 266.5452551505743 -28.744598073080343
266.54517434422695 -28.73925861355712 266.5451711015882 -28.73925577920885 266.54517434422695 -28.73925861355712
266.5450824501647 -28.733899978355808 266.545079109044 -28.73389986579894 266.5450824501647 -28.733899978355808
266.545039046671 -28.731864185871455 266.54503504018487 -28.731864750624716 266.545039046671 -28.731864185871455
266.544728106654 -28.715801388440216 266.5447252768157 -28.715810152006682 266.544728106654 -28.715801388440216
266.54532618925606 -28.74571149089426 266.54532260872 -28.745707269356988 266.54532618925606 -28.74571149089426
266.545227508868 -28.740650109994455 266.5452241756087 -28.740647756432132 266.545227508868 -28.740650109994455
266.54555757477215 -28.75728403492752 266.5455525792012 -28.757269558195095 266.54555757477215 -28.75728403492752
266.545283724669 -28.741252808735958 266.5452809083631 -28.741249463071807 266.545283724669 -28.741252808735958
266.54526504051825 -28.739645745504845 266.54526162615264 -28.73964345204842 266.54526504051825 -28.739645745504845
266.5449409879233 -28.72252218176529 266.5449376985099 -28.72252830116924 266.5449409879233 -28.72252218176529
266.5454177493646 -28.74643887787733 266.54541454657146 -28.74643398579525 266.5454177493646 -28.74643887787733
266.5453707865081 -28.74409509388707 266.5453667649792 -28.744091835928888 266.5453707865081 -28.74409509388707
266.5452667699749 -28.739058790920247 266.54526285229645 -28.739056780537382 266.5452667699749 -28.739058790920247
266.54516362045956 -28.733422114607954 266.54516005670604 -28.73342207875353 266.54516362045956 -28.733422114607954
266.5451072064729 -28.730517828448704 266.54510391058744 -28.730518804295055 266.5451072064729 -28.730517828448704
266.5451637452323 -28.731851720719153 266.54516039467563 -28.73185205975847 266.5451637452323 -28.731851720719153
266.54484865224464 -28.715937336650978 266.5448451361333 -28.71594641166415 266.54484865224464 -28.715937336650978
266.54573941381017 -28.76172013466481 266.5457363918271 -28.76170271087185 266.54573941381017 -28.76172013466481
266.5453180387687 -28.739418216145594 266.5453119627814 -28.739415883111104 266.5453180387687 -28.739418216145594
266.54510052569145 -28.728333706166055 266.545094655982 -28.728335020688988 266.54510052569145 -28.728333706166055
266.54570351199067 -28.758082849740667 266.54569927995544 -28.758068329547765 266.54570351199067 -28.758082849740667
266.5452154625769 -28.732938925873817 266.54521114824576 -28.73294011285776 266.5452154625769 -28.732938925873817
266.5450303112568 -28.72271067338327 266.54502766645913 -28.72271776098437 266.5450303112568 -28.72271067338327
266.5449605472496 -28.719422672927273 266.5449569103227 -28.7194315923432 266.5449605472496 -28.719422672927273
266.54576190066496 -28.760114275683357 266.5457580092967 -28.760098875162733 266.54576190066496 -28.760114275683357
266.5454522151338 -28.744254296566975 266.5454477491729 -28.74425102758687 266.5454522151338 -28.744254296566975
266.5453443902651 -28.738548934908287 266.5453417464166 -28.738547743352267 266.5453443902651 -28.738548934908287
266.5453381305941 -28.737977282601857 266.54533359453393 -28.73797663494521 266.5453381305941 -28.737977282601857
266.54556775315393 -28.749014121806812 266.54556415881734 -28.749006980990146 266.54556775315393 -28.749014121806812
266.54524443624246 -28.73225305423232 266.5452409133928 -28.732252900552957 266.54524443624246 -28.73225305423232
266.5455311412407 -28.744137731705425 266.5455263804502 -28.744135362030647 266.5455311412407 -28.744137731705425
266.54531439286313 -28.732495070127012 266.54531134579844 -28.732496872022626 266.54531439286313 -28.732495070127012
266.5450411074773 -28.718601972596602 266.54503779371 -28.71860965347983 266.5450411074773 -28.718601972596602
266.5455160414103 -28.74252987445037 266.54551217420305 -28.742525508120178 266.5455160414103 -28.74252987445037
266.545063953288 -28.718361132317057 266.5450593961265 -28.718368594877496 266.545063953288 -28.718361132317057
266.54575796409125 -28.754000432944892 266.5457537324089 -28.75399190714333 266.54575796409125 -28.754000432944892
266.5456751539324 -28.74883005436578 266.5456703096177 -28.748822586910748 266.5456751539324 -28.74883005436578
266.5456478464948 -28.74697941394069 266.5456444501917 -28.746974101524724 266.5456478464948 -28.74697941394069
266.5455318602529 -28.74056908468714 266.54552744887405 -28.740567435781934 266.5455318602529 -28.74056908468714
266.5456892493538 -28.748493614977914 266.5456853461431 -28.74848662062721 266.5456892493538 -28.748493614977914
266.545632821723 -28.745561017242306 266.5456287971842 -28.74555681824375 266.545632821723 -28.745561017242306
266.54594366775603 -28.760942703497797 266.54593806194794 -28.76092716869299 266.54594366775603 -28.760942703497797
266.545701966726 -28.74752536036668 266.54570524578145 -28.747516750669934 266.545701966726 -28.74752536036668
266.54555445223156 -28.74039755279494 266.54555072890236 -28.740394289836104 266.54555445223156 -28.74039755279494
266.54553276640837 -28.739315073872714 266.54552878823273 -28.739312756334755 266.54553276640837 -28.739315073872714
266.54550542958606 -28.737832158299533 266.5455025494968 -28.73782950781468 266.54550542958606 -28.737832158299533
266.54528867885807 -28.72659004686896 266.54528523837575 -28.726592172209884 266.54528867885807 -28.72659004686896
266.54516292786013 -28.719391835361016 266.54516045863 -28.7194006790777 266.54516292786013 -28.719391835361016
266.54513489753504 -28.718224687367908 266.5451313131469 -28.71823376259735 266.54513489753504 -28.718224687367908
266.54549749431715 -28.73633108615586 266.5454939311455 -28.736330043351046 266.54549749431715 -28.73633108615586
266.54538736600017 -28.730338095531366 266.54538379720674 -28.730338856793157 266.54538736600017 -28.730338095531366
266.5453346961703 -28.7270362067504 266.54533203497476 -28.727039028887567 266.5453346961703 -28.7270362067504
266.5455344309275 -28.736985621252114 266.5455309795631 -28.736985941477855 266.5455344309275 -28.736985621252114
266.5454946066305 -28.734583116902336 266.54549093043926 -28.734582519765745 266.5454946066305 -28.734583116902336
266.54559200606764 -28.738719869879464 266.54558834797854 -28.73871777216581 266.54559200606764 -28.738719869879464
266.545471295017 -28.73240904234444 266.54546743516624 -28.732409283271156 266.545471295017 -28.73240904234444
266.5459674438362 -28.75715170799642 266.5459616162856 -28.75713803523425 266.5459674438362 -28.75715170799642
266.5452883706996 -28.722020053597443 266.5452852421239 -28.722027312435383 266.5452883706996 -28.722020053597443
266.5458317561951 -28.749782041605773 266.54582806538656 -28.74977468947749 266.5458317561951 -28.749782041605773
266.5457533498984 -28.745774681894027 266.5457495756529 -28.745770297777348 266.5457533498984 -28.745774681894027
266.54529208830627 -28.721043477962024 266.5452886819496 -28.721051189102507 266.54529208830627 -28.721043477962024
266.5460020367488 -28.75747874401392 266.54599786298 -28.757464132780687 266.5460020367488 -28.75747874401392
266.5457974539753 -28.746290398223746 266.5457939019426 -28.746285730157958 266.5457974539753 -28.746290398223746
266.54551897436664 -28.73218043928065 266.545515251473 -28.73218066584238 266.54551897436664 -28.73218043928065
266.5452189798164 -28.716372169141444 266.5452159339968 -28.71638094295094 266.5452189798164 -28.716372169141444
266.54601049165444 -28.75702863347408 266.5460056292284 -28.757013669371545 266.54601049165444 -28.75702863347408
266.545962786397 -28.754638735470184 266.5459563566997 -28.754627567859853 266.545962786397 -28.754638735470184
266.5457364465208 -28.741985226301114 266.54573299623826 -28.7419819288126 266.5457364465208 -28.741985226301114
266.54537289124914 -28.722733145939944 266.5453695481634 -28.722740491960135 266.54537289124914 -28.722733145939944
266.5458545836474 -28.747648700876546 266.5458508302463 -28.74764351548773 266.5458545836474 -28.747648700876546
266.54550249067717 -28.728857707690437 266.54550033213 -28.72885971832652 266.54550249067717 -28.728857707690437
266.5459195230713 -28.750084073743906 266.5459153437618 -28.750076703173136 266.5459195230713 -28.750084073743906
266.5456792139278 -28.737225735054267 266.5456743819771 -28.737224597112345 266.5456792139278 -28.737225735054267
266.5455415244578 -28.730280803909768 266.54553784159515 -28.73028239675933 266.5455415244578 -28.730280803909768
266.5454816726654 -28.727086615392732 266.5454603035329 -28.727079094806346 266.5454816726654 -28.727086615392732
266.54542110131706 -28.723391712467492 266.54541600878616 -28.723398907390123 266.54542110131706 -28.723391712467492
266.5458881899847 -28.746960789208035 266.545884212243 -28.746955834345684 266.5458881899847 -28.746960789208035
266.5455822516628 -28.73083660883893 266.54557867270563 -28.730837735057428 266.5455822516628 -28.73083660883893
266.54561109563156 -28.73109842174198 266.5456062698105 -28.731100847920448 266.54561109563156 -28.73109842174198
266.5456004851783 -28.730606029775227 266.54559726596904 -28.730606657118155 266.5456004851783 -28.730606029775227
266.5458389673817 -28.74209627439956 266.54583639194743 -28.742093733556466 266.5458389673817 -28.74209627439956
266.54551350956547 -28.724998281228416 266.5455091108921 -28.725003838096857 266.54551350956547 -28.724998281228416
