catalogs/crowdsource_based_nircam-long_reference_astrometric_catalog.ecsv
# %ECSV 1.0
# ---
# datatype:
# - {name: skycoord_f410m.ra, unit: deg, datatype: float64}
# - {name: skycoord_f410m.dec, unit: deg, datatype: float64}
# - {name: skycoord_f405n.ra, unit: deg, datatype: float64}
# - {name: skycoord_f405n.dec, unit: deg, datatype: float64}
# - {name: RA, unit: deg, datatype: float64}
# - {name: DEC, unit: deg, datatype: float64}
# meta: !!omap
# - {410FILE: /blue/adamginsburg/adamginsburg/jwst/brick//F410M/f410m_nrca_unsatstar_bgsub_crowdsource_nsky0.fits}
# - {410FILT: f410m}
# - {212FILE: /blue/adamginsburg/adamginsburg/jwst/brick//F212N/f212n_nrca_unsatstar_bgsub_crowdsource_nsky0.fits}
# - {212FILT: f212n}
# - {466FILE: /blue/adamginsburg/adamginsburg/jwst/brick//F466N/f466n_nrca_unsatstar_bgsub_crowdsource_nsky0.fits}
# - {466FILT: f466n}
# - {405FILE: /blue/adamginsburg/adamginsburg/jwst/brick//F405N/f405n_nrca_unsatstar_bgsub_crowdsource_nsky0.fits}
# - {405FILT: f405n}
# - {187FILE: /blue/adamginsburg/adamginsburg/jwst/brick//F187N/f187n_nrca_unsatstar_bgsub_crowdsource_nsky0.fits}
# - {187FILT: f187n}
# - {182FILE: /blue/adamginsburg/adamginsburg/jwst/brick//F182M/f182m_nrca_unsatstar_bgsub_crowdsource_nsky0.fits}
# - {182FILT: f182m}
# - {VERSION: '2023-02-12T17:30:18.439562'}
# - {PARENT_VERSION: '2023-02-11T18:44:34.264380'}
# - __serialized_columns__:
#     skycoord_f405n:
#       __class__: astropy.coordinates.sky_coordinate.SkyCoord
#       dec: !astropy.table.SerializedColumn
#         __class__: astropy.coordinates.angles.Latitude
#         unit: &id001 !astropy.units.Unit {unit: deg}
#         value: !astropy.table.SerializedColumn {name: skycoord_f405n.dec}
#       frame: icrs
#       ra: !astropy.table.SerializedColumn
#         __class__: astropy.coordinates.angles.Longitude
#         unit: *id001
#         value: !astropy.table.SerializedColumn {name: skycoord_f405n.ra}
#         wrap_angle: !astropy.coordinates.Angle
#           unit: *id001
#           value: 360.0
#       representation_type: spherical
#     skycoord_f410m:
#       __class__: astropy.coordinates.sky_coordinate.SkyCoord
#       dec: !astropy.table.SerializedColumn
#         __class__: astropy.coordinates.angles.Latitude
#         unit: *id001
#         value: !astropy.table.SerializedColumn {name: skycoord_f410m.dec}
#       frame: icrs
#       ra: !astropy.table.SerializedColumn
#         __class__: astropy.coordinates.angles.Longitude
#         unit: *id001
#         value: !astropy.table.SerializedColumn {name: skycoord_f410m.ra}
#         wrap_angle: !astropy.coordinates.Angle
#           unit: *id001
#           value: 360.0
#       representation_type: spherical
# schema: astropy-2.0
skycoord_f410m.ra skycoord_f410m.dec skycoord_f405n.ra skycoord_f405n.dec RA DEC
[from data line 22329]
266.5542570469934 -28.736345001111406 266.554251079561 -28.73634464569677 266.5542570469934 -28.736345001111406
266.5542421124203 -28.7360842309233 266.554236428593 -28.736081351454025 266.5542421124203 -28.7360842309233
266.55412131311476 -28.729053733132012 266.55411630764496 -28.729057202270667 266.55412131311476 -28.729053733132012
266.5540428772399 -28.725431138612173 266.55403235691153 -28.725435585128515 266.5540428772399 -28.725431138612173
266.55391579464174 -28.718638701585515 266.55390880583525 -28.718646915100745 266.55391579464174 -28.718638701585515
266.55388982845346 -28.716992325991775 266.55388386612384 -28.717001309790017 266.55388982845346 -28.716992325991775
266.5546278815942 -28.755462953902033 266.5546232010658 -28.755450334121186 266.5546278815942 -28.755462953902033
266.5546113630771 -28.754034081720455 266.55460486234597 -28.7540207248994 266.5546113630771 -28.754034081720455
266.5544190483159 -28.744136287395946 266.55441448541575 -28.7441333328637 266.5544190483159 -28.744136287395946
266.55436304561977 -28.74112271456944 266.55435743254793 -28.741120065184337 266.55436304561977 -28.74112271456944
266.554196429149 -28.732851838294238 266.55419631690785 -28.732859114191083 266.554196429149 -28.732851838294238
266.5541199451971 -28.728317143173815 266.55411316536987 -28.728323401923028 266.5541199451971 -28.728317143173815
266.55402376977986 -28.723626896482152 266.5540148169331 -28.723635050924454 266.55402376977986 -28.723626896482152
266.55399004248613 -28.722038202985818 266.5539956664451 -28.722032239011625 266.55399004248613 -28.722038202985818
266.5539924280925 -28.72175533658491 266.55399375694714 -28.721760407068018 266.5539924280925 -28.72175533658491
266.55396836927895 -28.7208122212728 266.55396436056947 -28.72080868372618 266.55396836927895 -28.7208122212728
266.55395520500593 -28.71983264492115 266.553948332704 -28.71985374488612 266.55395520500593 -28.71983264492115
266.5547359564117 -28.759373734424457 266.55472689277764 -28.75934952101105 266.5547359564117 -28.759373734424457
266.5546247093795 -28.75367141985317 266.55462437780926 -28.753666680736547 266.5546247093795 -28.75367141985317
266.55455055278463 -28.750056827426047 266.5545445266123 -28.750049531858096 266.55455055278463 -28.750056827426047
266.5544684330501 -28.745440230251745 266.554455993626 -28.74543294563485 266.5544684330501 -28.745440230251745
266.5544125073488 -28.742734716265595 266.55440514203974 -28.742730682653086 266.5544125073488 -28.742734716265595
266.55438786470876 -28.741598739515595 266.55438151232 -28.74159652437152 266.55438786470876 -28.741598739515595
266.554641316155 -28.753841837152947 266.55463549450894 -28.75383436626252 266.554641316155 -28.753841837152947
266.5544590329598 -28.744302132077774 266.5544508287361 -28.74430344774966 266.5544590329598 -28.744302132077774
266.55446557097304 -28.743955853127954 266.55446313533037 -28.743950092062448 266.55446557097304 -28.743955853127954
266.5540814193849 -28.724673994279748 266.5540752242378 -28.724677893015212 266.5540814193849 -28.724673994279748
266.5540408942717 -28.722293322510893 266.5540345461331 -28.72230158747162 266.5540408942717 -28.722293322510893
266.5540029734732 -28.719952360817445 266.55399461013536 -28.71995656676805 266.5540029734732 -28.719952360817445
266.553933539574 -28.716615481058565 266.55392589711715 -28.716615999040602 266.553933539574 -28.716615481058565
266.553909718573 -28.715241492699064 266.5539039749706 -28.715247527970245 266.553909718573 -28.715241492699064
266.5547352991443 -28.757765335585077 266.55472559165804 -28.757748786775956 266.5547352991443 -28.757765335585077
266.5546221233528 -28.75167191895032 266.5546156917824 -28.751663845971837 266.5546221233528 -28.75167191895032
266.554563004228 -28.74873140235154 266.55455782595743 -28.748722619157604 266.554563004228 -28.74873140235154
266.5542966492438 -28.73438071041772 266.5542898057229 -28.73438026450418 266.5542966492438 -28.73438071041772
266.55427869834807 -28.733097549246732 266.5542725883592 -28.733098189399048 266.55427869834807 -28.733097549246732
266.55424328252883 -28.731730469668392 266.55423731713665 -28.731731392435062 266.55424328252883 -28.731730469668392
266.5541174428951 -28.725503809629494 266.55411189356454 -28.725510091319638 266.5541174428951 -28.725503809629494
266.55411463912475 -28.72449821596408 266.55410939386536 -28.72450525150964 266.55411463912475 -28.72449821596408
266.55409636157196 -28.723969100806002 266.55408815898943 -28.723979995114178 266.55409636157196 -28.723969100806002
266.5540569912525 -28.721563549454658 266.5540484898025 -28.721571095733946 266.5540569912525 -28.721563549454658
266.5539895611099 -28.718917631889077 266.5539851366723 -28.7189255271387 266.5539895611099 -28.718917631889077
266.5539027892697 -28.714103347103674 266.55389650267466 -28.714112667186033 266.5539027892697 -28.714103347103674
266.5548437539552 -28.761506992279887 266.55483944663183 -28.76149327297194 266.5548437539552 -28.761506992279887
266.55476522489516 -28.75843649072582 266.5547598014789 -28.758422406930972 266.55476522489516 -28.75843649072582
266.55475739631146 -28.757567776016778 266.55475187310634 -28.75755311446574 266.55475739631146 -28.757567776016778
266.5544144978864 -28.739931050697813 266.55440906279716 -28.739921592866335 266.5544144978864 -28.739931050697813
266.55417573226435 -28.72697039282943 266.55416677527813 -28.726972554634983 266.55417573226435 -28.72697039282943
266.55414919132164 -28.72575327669711 266.55414598408646 -28.725757171637692 266.55414919132164 -28.72575327669711
266.5540804758734 -28.721875033316866 266.55407098158815 -28.721881744281333 266.5540804758734 -28.721875033316866
266.55388654920324 -28.71224661989916 266.55388078940024 -28.712258688794662 266.55388654920324 -28.71224661989916
266.5548094913888 -28.75899264644213 266.5547930427773 -28.758971181984567 266.5548094913888 -28.75899264644213
266.55479493693275 -28.758740166923605 266.55478885982956 -28.758725848841188 266.55479493693275 -28.758740166923605
266.554724899603 -28.754218063990404 266.5547170040464 -28.75420626909152 266.554724899603 -28.754218063990404
266.5544117151647 -28.737939383758302 266.5544050961167 -28.737940981738706 266.5544117151647 -28.737939383758302
266.5543737002722 -28.736182324961735 266.55436514235794 -28.7361845480253 266.5543737002722 -28.736182324961735
266.55436254341964 -28.735913273439092 266.55435497697505 -28.735914379202264 266.55436254341964 -28.735913273439092
266.5543484991801 -28.73542999537221 266.5543489881288 -28.7354152729397 266.5543484991801 -28.73542999537221
266.5542628589103 -28.73038616599183 266.55425769515415 -28.730389636874282 266.5542628589103 -28.73038616599183
266.5542438399077 -28.729575999833113 266.55423691239827 -28.729573530788162 266.5542438399077 -28.729575999833113
266.5541399119924 -28.72407376257614 266.5541316046057 -28.724081559599913 266.5541399119924 -28.72407376257614
266.5539686071361 -28.715670209387852 266.55396304543484 -28.715676298517042 266.5539686071361 -28.715670209387852
266.5539304586816 -28.71350119175573 266.5539251824005 -28.713509409825104 266.5539304586816 -28.71350119175573
266.5539224884467 -28.712406293907 266.5539198297084 -28.71241623240731 266.5539224884467 -28.712406293907
266.5548020932637 -28.75820535000174 266.55479478636363 -28.758193983694444 266.5548020932637 -28.75820535000174
266.55478372195336 -28.756418297329834 266.55477769652185 -28.756403771946506 266.55478372195336 -28.756418297329834
266.55464312017284 -28.749672435043692 266.5546623577909 -28.749665932727567 266.55464312017284 -28.749672435043692
266.5545660332749 -28.745731632554207 266.5545593677233 -28.7457277774324 266.5545660332749 -28.745731632554207
266.5545265327692 -28.743458735526854 266.5545198319823 -28.74345641360215 266.5545265327692 -28.743458735526854
266.55447010566246 -28.740672915477468 266.5544644140961 -28.740669800273004 266.55447010566246 -28.740672915477468
266.5543100507598 -28.732003977835667 266.5543076788294 -28.732007417387397 266.5543100507598 -28.732003977835667
266.5542979604205 -28.731062067361812 266.55429544327905 -28.731063879550888 266.5542979604205 -28.731062067361812
266.5542138965735 -28.726291564327692 266.55419878999595 -28.726296337266668 266.5542138965735 -28.726291564327692
266.5541978534479 -28.726174470998906 266.55418764234673 -28.726178557591744 266.5541978534479 -28.726174470998906
266.5541962296337 -28.72582494961826 266.5541895102864 -28.72583071903792 266.5541962296337 -28.72582494961826
266.55411085553044 -28.721409164484168 266.55410212530484 -28.721417218768288 266.55411085553044 -28.721409164484168
266.5540803326367 -28.71989686551563 266.55406961924416 -28.719904143110345 266.5540803326367 -28.71989686551563
266.5540630275567 -28.7193202994629 266.5540565126854 -28.719328788685914 266.5540630275567 -28.7193202994629
266.5540584928054 -28.718650291568974 266.55405464064296 -28.718660637530263 266.5540584928054 -28.718650291568974
266.5540577296647 -28.7183850090131 266.5540521831206 -28.718396034222987 266.5540577296647 -28.7183850090131
266.5546745227783 -28.750219683486367 266.55467227415306 -28.75021013002273 266.5546745227783 -28.750219683486367
266.5546845327641 -28.750089985898683 266.5546783762582 -28.750081688960258 266.5546845327641 -28.750089985898683
266.5546746708765 -28.749867530829356 266.5546688323274 -28.74986659581533 266.5546746708765 -28.749867530829356
266.5546491717488 -28.749251954654564 266.55464150216324 -28.74924516131175 266.5546491717488 -28.749251954654564
266.55440377704025 -28.735806500282774 266.5543985063685 -28.735808011443137 266.55440377704025 -28.735806500282774
266.5542810564221 -28.729509873459975 266.55427603313973 -28.72950747519702 266.5542810564221 -28.729509873459975
266.55416092865653 -28.72382872106949 266.5541630536461 -28.723831226689477 266.55416092865653 -28.72382872106949
266.5540912839269 -28.71966307619463 266.5540849971487 -28.719671773507564 266.5540912839269 -28.71966307619463
266.55478454854295 -28.755121869866983 266.55477824264847 -28.75510635314268 266.55478454854295 -28.755121869866983
266.5546977949876 -28.750829914467133 266.5546928074314 -28.750830223784824 266.5546977949876 -28.750829914467133
266.55468050209146 -28.74905379196876 266.5546741178572 -28.749046529230096 266.55468050209146 -28.74905379196876
266.55464179590416 -28.747012577078287 266.55463432313184 -28.74700754250338 266.55464179590416 -28.747012577078287
266.5545551011016 -28.74245646046897 266.5545485515325 -28.74245401597457 266.5545551011016 -28.74245646046897
266.55447732069064 -28.738452249132827 266.55447075336946 -28.73845232121765 266.55447732069064 -28.738452249132827
266.5542921674254 -28.728882944523313 266.5542849276158 -28.728884795232542 266.5542921674254 -28.728882944523313
266.5542263847652 -28.72538267497263 266.55422025980045 -28.725389315522484 266.5542263847652 -28.72538267497263
266.5541620939245 -28.722024156230535 266.554147365313 -28.72203153086101 266.5541620939245 -28.722024156230535
266.55410769992835 -28.719087574413106 266.55410131959013 -28.71909498241298 266.55410769992835 -28.719087574413106
266.5540274953004 -28.715591067313817 266.5540182795867 -28.7155936742404 266.5540274953004 -28.715591067313817
266.55402733956294 -28.71504183459589 266.5540205176826 -28.715051541443323 266.55402733956294 -28.71504183459589
266.55397468784986 -28.71275466622119 266.55396833872175 -28.71276415029521 266.55397468784986 -28.71275466622119
266.5549333206918 -28.761674407651775 266.55493149230966 -28.761658273584086 266.5549333206918 -28.761674407651775
266.55483970535255 -28.756680194003316 266.55482730494117 -28.756670103107044 266.55483970535255 -28.756680194003316
266.5547801524534 -28.753674392709197 266.55477080070324 -28.75367124519654 266.5547801524534 -28.753674392709197
266.5546839605217 -28.748379767214246 266.554678804975 -28.748374623261117 266.5546839605217 -28.748379767214246
266.5545697703351 -28.74203115856837 266.55456279446 -28.74202891472992 266.5545697703351 -28.74203115856837
266.55451274472944 -28.73910055940076 266.5545063799847 -28.739098858815318 266.55451274472944 -28.73910055940076
266.5545085198078 -28.73900745719189 266.55450102272135 -28.73900571713827 266.5545085198078 -28.73900745719189
266.5544922286975 -28.737873763599197 266.5544695306301 -28.737878338539065 266.5544922286975 -28.737873763599197
266.55443812835324 -28.73528409327362 266.5544219542636 -28.735279985416504 266.55443812835324 -28.73528409327362
266.55438198630156 -28.732755060583315 266.5543784657905 -28.73275774442883 266.55438198630156 -28.732755060583315
266.5542210344153 -28.724513761812407 266.5542154429443 -28.72452063246584 266.5542210344153 -28.724513761812407
266.5541959678275 -28.723552862639586 266.5541958823356 -28.723560702803848 266.5541959678275 -28.723552862639586
266.5542070302975 -28.723283439841108 266.5542008301546 -28.723292171893767 266.5542070302975 -28.723283439841108
266.55418162019015 -28.722211912383326 266.5541801682681 -28.72222227253907 266.55418162019015 -28.722211912383326
266.5541781613054 -28.7219075499804 266.554168548056 -28.721917103506648 266.5541781613054 -28.7219075499804
266.5541041521017 -28.71824686319296 266.55409713027524 -28.718255532537274 266.5541041521017 -28.71824686319296
266.5540655953102 -28.71656684146408 266.5540587539819 -28.716578764910636 266.5540655953102 -28.71656684146408
266.55400479264813 -28.713348752539275 266.55400201738917 -28.713361408085827 266.55400479264813 -28.713348752539275
266.5548972826169 -28.75821358145559 266.55489289513554 -28.75820617950557 266.5548972826169 -28.75821358145559
266.55488492074016 -28.757930530010903 266.554877968212 -28.75791570142619 266.55488492074016 -28.757930530010903
266.5548514557596 -28.756162722231718 266.5548450587833 -28.75615164563721 266.5548514557596 -28.756162722231718
266.554697181284 -28.7479512260855 266.55469368973553 -28.747941936290466 266.554697181284 -28.7479512260855
266.5544742952296 -28.73625581177713 266.55446958988244 -28.73625453781339 266.5544742952296 -28.73625581177713
266.554446354249 -28.734642639503114 266.55444100624254 -28.73465065230833 266.554446354249 -28.734642639503114
266.55441821965877 -28.733088348589 266.5544098197702 -28.733087489264467 266.55441821965877 -28.733088348589
266.5543715380775 -28.730864762369936 266.5543664644292 -28.730866289268423 266.5543715380775 -28.730864762369936
266.55424783598767 -28.724175554284674 266.55424490375214 -28.724172056333877 266.55424783598767 -28.724175554284674
266.55417610984324 -28.721319013765804 266.55416917366074 -28.721327147722103 266.55417610984324 -28.721319013765804
266.5540496674965 -28.71452525068452 266.5540451369396 -28.714532525210313 266.5540496674965 -28.71452525068452
266.5540247882116 -28.713229692089435 266.55401837462034 -28.713240413922637 266.5540247882116 -28.713229692089435
266.5540061654233 -28.712057883096325 266.554016071562 -28.712065628719927 266.5540061654233 -28.712057883096325
266.5548826059129 -28.756366935747018 266.55487612414305 -28.756351280372385 266.5548826059129 -28.756366935747018
266.5548187875212 -28.75307261565178 266.554810954627 -28.75306528798974 266.5548187875212 -28.75307261565178
266.5547200622152 -28.748573338945025 266.5547139964493 -28.74856841001378 266.5547200622152 -28.748573338945025
266.5546251552856 -28.743515155521955 266.5546154725397 -28.74351587165385 266.5546251552856 -28.743515155521955
266.55455725672704 -28.740283332596224 266.5545499820316 -28.74028114608582 266.55455725672704 -28.740283332596224
266.554544991107 -28.739229613815304 266.55453833328306 -28.739227901478696 266.554544991107 -28.739229613815304
266.55452654773154 -28.73824293775296 266.554519610212 -28.738241084924585 266.55452654773154 -28.73824293775296
